source_dataset,video_id,frame_group,target_frame_id,split,num_ground_truth_people,num_predicted_people,true_positives,false_positives,false_negatives,mean_matched_iou,image_error,parse_error
AVIDAR,AVIDAR_004,1,115,Test,1,0,0,0,1,,,
AVIDAR,AVIDAR_004,2,116,Test,1,0,0,0,1,,,
AVIDAR,AVIDAR_004,3,117,Test,1,0,0,0,1,,,
AVIDAR,AVIDAR_004,4,118,Test,1,0,0,0,1,,,
AVIDAR,AVIDAR_004,5,119,Test,1,0,0,0,1,,,
AVIDAR,AVIDAR_004,6,120,Test,1,0,0,0,1,,,
AVIDAR,AVIDAR_004,7,121,Test,1,0,0,0,1,,,
AVIDAR,AVIDAR_004,8,122,Test,1,0,0,0,1,,,
AVIDAR,AVIDAR_004,9,123,Test,1,0,0,0,1,,,
AVIDAR,AVIDAR_004,10,124,Test,1,0,0,0,1,,,
AVIDAR,AVIDAR_004,11,125,Test,1,0,0,0,1,,,
AVIDAR,AVIDAR_004,12,126,Test,1,0,0,0,1,,,
AVIDAR,AVIDAR_004,13,127,Test,1,0,0,0,1,,,
AVIDAR,AVIDAR_004,14,128,Test,1,0,0,0,1,,,
AVIDAR,AVIDAR_004,15,129,Test,1,0,0,0,1,,,
AVIDAR,AVIDAR_004,16,130,Test,1,0,0,0,1,,,
AVIDAR,AVIDAR_004,17,131,Test,1,0,0,0,1,,,
AVIDAR,AVIDAR_004,18,132,Test,1,0,0,0,1,,,
AVIDAR,AVIDAR_004,19,133,Test,1,0,0,0,1,,,
AVIDAR,AVIDAR_004,20,134,Test,1,0,0,0,1,,,
AVIDAR,AVIDAR_004,21,135,Test,1,0,0,0,1,,,
AVIDAR,AVIDAR_004,22,136,Test,1,0,0,0,1,,,
AVIDAR,AVIDAR_004,23,137,Test,1,0,0,0,1,,,
AVIDAR,AVIDAR_004,24,138,Test,1,0,0,0,1,,,
AVIDAR,AVIDAR_004,25,139,Test,1,0,0,0,1,,,
AVIDAR,AVIDAR_004,26,140,Test,1,0,0,0,1,,,
AVIDAR,AVIDAR_004,27,141,Test,1,0,0,0,1,,,
AVIDAR,AVIDAR_004,28,142,Test,1,0,0,0,1,,,
AVIDAR,AVIDAR_004,29,143,Test,1,0,0,0,1,,,
AVIDAR,AVIDAR_004,30,144,Test,1,0,0,0,1,,,
AVIDAR,AVIDAR_004,31,145,Test,1,0,0,0,1,,,
AVIDAR,AVIDAR_004,32,146,Test,1,0,0,0,1,,,
AVIDAR,AVIDAR_004,33,147,Test,1,0,0,0,1,,,
AVIDAR,AVIDAR_004,34,148,Test,1,0,0,0,1,,,
AVIDAR,AVIDAR_004,35,149,Test,1,0,0,0,1,,,
AVIDAR,AVIDAR_004,36,150,Test,1,0,0,0,1,,,
AVIDAR,AVIDAR_004,37,151,Test,1,0,0,0,1,,,
AVIDAR,AVIDAR_004,38,152,Test,1,0,0,0,1,,,
AVIDAR,AVIDAR_004,39,153,Test,1,0,0,0,1,,,
AVIDAR,AVIDAR_004,40,154,Test,1,0,0,0,1,,,
AVIDAR,AVIDAR_004,41,155,Test,1,0,0,0,1,,,
AVIDAR,AVIDAR_004,42,156,Test,1,0,0,0,1,,,
AVIDAR,AVIDAR_004,43,157,Test,1,0,0,0,1,,,
AVIDAR,AVIDAR_004,44,158,Test,1,0,0,0,1,,,
AVIDAR,AVIDAR_004,45,159,Test,1,0,0,0,1,,,
AVIDAR,AVIDAR_004,46,160,Test,1,0,0,0,1,,,
AVIDAR,AVIDAR_004,47,161,Test,1,0,0,0,1,,,
AVIDAR,AVIDAR_004,48,162,Test,1,0,0,0,1,,,
AVIDAR,AVIDAR_004,49,163,Test,1,0,0,0,1,,,
AVIDAR,AVIDAR_004,50,164,Test,1,0,0,0,1,,,
AVIDAR,AVIDAR_004,51,165,Test,1,0,0,0,1,,,
AVIDAR,AVIDAR_026,1,15,Test,2,2,2,0,0,0.9476325746226959,,
AVIDAR,AVIDAR_026,2,16,Test,2,2,2,0,0,0.92566319299422,,
AVIDAR,AVIDAR_026,3,17,Test,2,2,2,0,0,0.9247238922315457,,
AVIDAR,AVIDAR_026,4,18,Test,2,0,0,0,2,,,
AVIDAR,AVIDAR_026,5,19,Test,2,0,0,0,2,,,
AVIDAR,AVIDAR_026,6,20,Test,2,0,0,0,2,,,
AVIDAR,AVIDAR_026,7,21,Test,2,0,0,0,2,,,
AVIDAR,AVIDAR_026,8,22,Test,2,0,0,0,2,,,
AVIDAR,AVIDAR_026,9,23,Test,2,0,0,0,2,,,
AVIDAR,AVIDAR_026,10,24,Test,2,0,0,0,2,,,
AVIDAR,AVIDAR_026,11,25,Test,2,0,0,0,2,,,
AVIDAR,AVIDAR_026,12,26,Test,2,2,2,0,0,0.9349666482835983,,
AVIDAR,AVIDAR_026,13,27,Test,2,0,0,0,2,,,
AVIDAR,AVIDAR_026,14,28,Test,2,0,0,0,2,,,
AVIDAR,AVIDAR_026,15,29,Test,2,0,0,0,2,,,
AVIDAR,AVIDAR_026,16,30,Test,2,0,0,0,2,,,
AVIDAR,AVIDAR_026,17,31,Test,2,0,0,0,2,,,
AVIDAR,AVIDAR_026,18,32,Test,2,0,0,0,2,,,
AVIDAR,AVIDAR_026,19,33,Test,2,0,0,0,2,,,
AVIDAR,AVIDAR_026,20,34,Test,2,0,0,0,2,,,
AVIDAR,AVIDAR_026,21,35,Test,2,0,0,0,2,,,
AVIDAR,AVIDAR_026,22,36,Test,2,0,0,0,2,,,
AVIDAR,AVIDAR_026,23,37,Test,2,0,0,0,2,,,
AVIDAR,AVIDAR_026,24,38,Test,2,0,0,0,2,,,
AVIDAR,AVIDAR_026,25,39,Test,2,0,0,0,2,,,
AVIDAR,AVIDAR_026,26,40,Test,2,0,0,0,2,,,
AVIDAR,AVIDAR_026,27,41,Test,2,0,0,0,2,,,
AVIDAR,AVIDAR_026,28,42,Test,2,0,0,0,2,,,
AVIDAR,AVIDAR_026,29,43,Test,2,0,0,0,2,,,
AVIDAR,AVIDAR_026,30,44,Test,2,0,0,0,2,,,
AVIDAR,AVIDAR_026,31,45,Test,2,0,0,0,2,,,
AVIDAR,AVIDAR_026,32,46,Test,2,0,0,0,2,,,
AVIDAR,AVIDAR_026,33,47,Test,2,0,0,0,2,,,
AVIDAR,AVIDAR_026,34,48,Test,2,0,0,0,2,,,
AVIDAR,AVIDAR_026,35,49,Test,2,0,0,0,2,,,
AVIDAR,AVIDAR_026,36,50,Test,2,0,0,0,2,,,
AVIDAR,AVIDAR_026,37,51,Test,2,0,0,0,2,,,
AVIDAR,AVIDAR_026,38,52,Test,2,2,2,0,0,0.949818713769611,,
AVIDAR,AVIDAR_026,39,53,Test,2,2,2,0,0,0.9497516468350571,,
AVIDAR,AVIDAR_026,40,54,Test,2,2,2,0,0,0.9425825679340133,,
AVIDAR,AVIDAR_026,41,55,Test,2,0,0,0,2,,,
AVIDAR,AVIDAR_026,42,56,Test,2,0,0,0,2,,,
AVIDAR,AVIDAR_026,43,57,Test,2,0,0,0,2,,,
AVIDAR,AVIDAR_026,44,58,Test,2,2,2,0,0,0.9171853813245197,,
AVIDAR,AVIDAR_026,45,59,Test,2,0,0,0,2,,,
AVIDAR,AVIDAR_026,46,60,Test,2,0,0,0,2,,,
AVIDAR,AVIDAR_026,47,61,Test,2,0,0,0,2,,,
AVIDAR,AVIDAR_026,48,62,Test,2,0,0,0,2,,,
AVIDAR,AVIDAR_026,49,63,Test,2,0,0,0,2,,,
AVIDAR,AVIDAR_026,50,64,Test,2,2,2,0,0,0.9358744837134503,,
AVIDAR,AVIDAR_026,51,65,Test,2,0,0,0,2,,,
AVIDAR,AVIDAR_026,52,66,Test,2,0,0,0,2,,,
AVIDAR,AVIDAR_026,53,67,Test,2,0,0,0,2,,,
AVIDAR,AVIDAR_026,54,68,Test,2,0,0,0,2,,,
AVIDAR,AVIDAR_026,55,69,Test,2,0,0,0,2,,,
AVIDAR,AVIDAR_026,56,70,Test,2,0,0,0,2,,,
AVIDAR,AVIDAR_026,57,71,Test,2,0,0,0,2,,,
AVIDAR,AVIDAR_026,58,72,Test,2,0,0,0,2,,,
AVIDAR,AVIDAR_026,59,73,Test,2,0,0,0,2,,,
AVIDAR,AVIDAR_026,60,74,Test,2,0,0,0,2,,,
AVIDAR,AVIDAR_026,61,75,Test,2,0,0,0,2,,,
AVIDAR,AVIDAR_026,62,76,Test,2,0,0,0,2,,,
AVIDAR,AVIDAR_026,63,77,Test,2,0,0,0,2,,,
AVIDAR,AVIDAR_026,64,78,Test,2,0,0,0,2,,,
AVIDAR,AVIDAR_026,65,79,Test,2,0,0,0,2,,,
AVIDAR,AVIDAR_026,66,80,Test,2,0,0,0,2,,,
AVIDAR,AVIDAR_026,67,81,Test,2,0,0,0,2,,,
AVIDAR,AVIDAR_026,68,82,Test,2,0,0,0,2,,,
AVIDAR,AVIDAR_026,69,83,Test,2,0,0,0,2,,,
AVIDAR,AVIDAR_026,70,84,Test,2,0,0,0,2,,,
AVIDAR,AVIDAR_026,71,85,Test,2,0,0,0,2,,,
AVIDAR,AVIDAR_026,72,86,Test,2,0,0,0,2,,,
AVIDAR,AVIDAR_026,73,87,Test,2,0,0,0,2,,,
AVIDAR,AVIDAR_026,74,88,Test,2,0,0,0,2,,,
AVIDAR,AVIDAR_026,75,89,Test,2,0,0,0,2,,,
AVIDAR,AVIDAR_026,76,90,Test,2,0,0,0,2,,,
AVIDAR,AVIDAR_026,77,91,Test,2,0,0,0,2,,,
AVIDAR,AVIDAR_026,78,92,Test,2,0,0,0,2,,,
AVIDAR,AVIDAR_026,79,93,Test,2,0,0,0,2,,,
AVIDAR,AVIDAR_026,80,94,Test,2,0,0,0,2,,,
AVIDAR,AVIDAR_026,81,95,Test,2,0,0,0,2,,,
AVIDAR,AVIDAR_026,82,96,Test,2,0,0,0,2,,,
AVIDAR,AVIDAR_026,83,97,Test,2,0,0,0,2,,,
AVIDAR,AVIDAR_026,84,98,Test,2,0,0,0,2,,,
AVIDAR,AVIDAR_026,85,99,Test,2,0,0,0,2,,,
AVIDAR,AVIDAR_026,86,100,Test,2,0,0,0,2,,,
AVIDAR,AVIDAR_026,87,101,Test,2,0,0,0,2,,,
AVIDAR,AVIDAR_026,88,102,Test,2,0,0,0,2,,,
AVIDAR,AVIDAR_026,89,103,Test,2,0,0,0,2,,,
AVIDAR,AVIDAR_026,90,104,Test,2,0,0,0,2,,,
AVIDAR,AVIDAR_026,91,105,Test,2,2,2,0,0,0.9536892414610761,,
AVIDAR,AVIDAR_026,92,106,Test,2,2,2,0,0,0.9473527200346277,,
AVIDAR,AVIDAR_026,93,107,Test,2,0,0,0,2,,,
AVIDAR,AVIDAR_026,94,108,Test,2,0,0,0,2,,,
AVIDAR,AVIDAR_026,95,109,Test,2,2,2,0,0,0.9582941921377255,,
AVIDAR,AVIDAR_026,96,110,Test,2,0,0,0,2,,,
AVIDAR,AVIDAR_026,97,111,Test,2,0,0,0,2,,,
AVIDAR,AVIDAR_026,98,112,Test,2,0,0,0,2,,,
AVIDAR,AVIDAR_026,99,113,Test,2,0,0,0,2,,,
AVIDAR,AVIDAR_026,100,114,Test,2,2,2,0,0,0.9606967370610942,,
AVIDAR,AVIDAR_026,101,115,Test,2,2,2,0,0,0.9360688917418761,,
AVIDAR,AVIDAR_026,102,116,Test,2,0,0,0,2,,,
AVIDAR,AVIDAR_026,103,117,Test,2,0,0,0,2,,,
AVIDAR,AVIDAR_026,104,118,Test,2,2,2,0,0,0.9438538265650027,,
AVIDAR,AVIDAR_026,105,119,Test,2,2,2,0,0,0.9440629716771296,,
AVIDAR,AVIDAR_026,106,120,Test,2,0,0,0,2,,,
AVIDAR,AVIDAR_026,107,121,Test,2,2,2,0,0,0.9554616760578609,,
AVIDAR,AVIDAR_026,108,122,Test,2,2,2,0,0,0.9587809019568486,,
AVIDAR,AVIDAR_026,109,123,Test,2,0,0,0,2,,,
AVIDAR,AVIDAR_026,110,124,Test,2,0,0,0,2,,,
AVIDAR,AVIDAR_026,111,125,Test,2,2,2,0,0,0.9582512370474758,,
AVIDAR,AVIDAR_026,112,126,Test,2,0,0,0,2,,,
AVIDAR,AVIDAR_026,113,127,Test,2,0,0,0,2,,,
AVIDAR,AVIDAR_026,114,128,Test,2,0,0,0,2,,,
AVIDAR,AVIDAR_026,115,129,Test,2,2,2,0,0,0.9531116285853931,,
AVIDAR,AVIDAR_026,116,130,Test,2,0,0,0,2,,,
AVIDAR,AVIDAR_026,117,131,Test,2,2,2,0,0,0.947264616280202,,
AVIDAR,AVIDAR_026,118,132,Test,2,0,0,0,2,,,
AVIDAR,AVIDAR_026,119,133,Test,2,2,2,0,0,0.9524355884657625,,
AVIDAR,AVIDAR_026,120,134,Test,2,2,2,0,0,0.9495033292729986,,
AVIDAR,AVIDAR_026,121,135,Test,2,0,0,0,2,,,
AVIDAR,AVIDAR_026,122,136,Test,2,0,0,0,2,,,
AVIDAR,AVIDAR_026,123,137,Test,2,0,0,0,2,,,
AVIDAR,AVIDAR_026,124,138,Test,2,0,0,0,2,,,
AVIDAR,AVIDAR_026,125,139,Test,2,0,0,0,2,,,
AVIDAR,AVIDAR_026,126,140,Test,2,0,0,0,2,,,
AVIDAR,AVIDAR_026,127,141,Test,2,0,0,0,2,,,
AVIDAR,AVIDAR_026,128,142,Test,2,0,0,0,2,,,
AVIDAR,AVIDAR_026,129,143,Test,2,0,0,0,2,,,
AVIDAR,AVIDAR_026,130,144,Test,2,0,0,0,2,,,
AVIDAR,AVIDAR_026,131,145,Test,2,0,0,0,2,,,
AVIDAR,AVIDAR_026,132,146,Test,2,0,0,0,2,,,
AVIDAR,AVIDAR_026,133,147,Test,2,0,0,0,2,,,
AVIDAR,AVIDAR_026,134,148,Test,2,0,0,0,2,,,
AVIDAR,AVIDAR_026,135,149,Test,2,0,0,0,2,,,
AVIDAR,AVIDAR_026,136,150,Test,2,2,2,0,0,0.9547394658341957,,
AVIDAR,AVIDAR_026,137,151,Test,2,0,0,0,2,,,
AVIDAR,AVIDAR_026,138,152,Test,2,2,2,0,0,0.9553621367791556,,
AVIDAR,AVIDAR_026,139,153,Test,2,2,2,0,0,0.9510326719689521,,
AVIDAR,AVIDAR_026,140,154,Test,2,2,2,0,0,0.9599077962337106,,
AVIDAR,AVIDAR_026,141,155,Test,2,2,2,0,0,0.9551679897518925,,
AVIDAR,AVIDAR_026,142,156,Test,2,2,2,0,0,0.957174807636337,,
AVIDAR,AVIDAR_026,143,157,Test,2,2,2,0,0,0.9615323264271771,,
AVIDAR,AVIDAR_026,144,158,Test,2,2,2,0,0,0.9573850463020619,,
AVIDAR,AVIDAR_026,145,159,Test,2,2,2,0,0,0.9605436392861102,,
AVIDAR,AVIDAR_026,146,160,Test,2,2,2,0,0,0.9501780304587499,,
AVIDAR,AVIDAR_026,147,161,Test,2,0,0,0,2,,,
AVIDAR,AVIDAR_026,148,162,Test,2,0,0,0,2,,,
AVIDAR,AVIDAR_026,149,163,Test,2,2,2,0,0,0.9434591033836053,,
AVIDAR,AVIDAR_026,150,164,Test,2,2,2,0,0,0.9377564591783099,,
AVIDAR,AVIDAR_026,151,165,Test,2,2,2,0,0,0.9511853529502882,,
AVIDAR,AVIDAR_026,152,166,Test,2,2,2,0,0,0.9443670055663276,,
AVIDAR,AVIDAR_026,153,167,Test,2,2,2,0,0,0.9426854758838878,,
AVIDAR,AVIDAR_026,154,168,Test,2,0,0,0,2,,,
AVIDAR,AVIDAR_026,155,169,Test,2,0,0,0,2,,,
AVIDAR,AVIDAR_026,156,170,Test,2,2,2,0,0,0.9481676249406017,,
AVIDAR,AVIDAR_026,157,171,Test,2,2,2,0,0,0.9396783379964029,,
AVIDAR,AVIDAR_026,158,172,Test,2,2,2,0,0,0.9534065573687573,,
AVIDAR,AVIDAR_026,159,173,Test,2,2,2,0,0,0.9519529684109409,,
AVIDAR,AVIDAR_026,160,174,Test,2,2,2,0,0,0.9549382425225053,,
AVIDAR,AVIDAR_026,161,175,Test,2,2,2,0,0,0.956173847004407,,
AVIDAR,AVIDAR_026,162,176,Test,2,2,2,0,0,0.9581717003914894,,
AVIDAR,AVIDAR_026,163,177,Test,2,2,2,0,0,0.9599066501771832,,
AVIDAR,AVIDAR_026,164,178,Test,2,2,2,0,0,0.9617417971433782,,
AVIDAR,AVIDAR_026,165,179,Test,2,2,2,0,0,0.9613877084092612,,
AVIDAR,AVIDAR_026,166,180,Test,2,2,2,0,0,0.9617913624136897,,
AVIDAR,AVIDAR_026,167,181,Test,2,2,2,0,0,0.9616358094330069,,
AVIDAR,AVIDAR_026,168,182,Test,2,2,2,0,0,0.9503512619342436,,
AVIDAR,AVIDAR_026,169,183,Test,2,2,2,0,0,0.9457437401037375,,
AVIDAR,AVIDAR_026,170,184,Test,2,2,2,0,0,0.949905905514083,,
AVIDAR,AVIDAR_026,171,185,Test,2,2,2,0,0,0.9397042253079713,,
AVIDAR,AVIDAR_026,172,186,Test,2,2,2,0,0,0.9445319608014171,,
AVIDAR,AVIDAR_026,173,187,Test,2,2,2,0,0,0.952890449141827,,
AVIDAR,AVIDAR_026,174,188,Test,2,2,2,0,0,0.9466269869741811,,
AVIDAR,AVIDAR_026,175,189,Test,2,0,0,0,2,,,
AVIDAR,AVIDAR_026,176,190,Test,2,0,0,0,2,,,
AVIDAR,AVIDAR_026,177,191,Test,2,0,0,0,2,,,
AVIDAR,AVIDAR_026,178,192,Test,2,0,0,0,2,,,
AVIDAR,AVIDAR_026,179,193,Test,2,0,0,0,2,,,
AVIDAR,AVIDAR_026,180,194,Test,2,0,0,0,2,,,
AVIDAR,AVIDAR_026,181,195,Test,2,0,0,0,2,,,
AVIDAR,AVIDAR_026,182,196,Test,2,0,0,0,2,,,
AVIDAR,AVIDAR_026,183,197,Test,2,0,0,0,2,,,
AVIDAR,AVIDAR_026,184,198,Test,2,0,0,0,2,,,
AVIDAR,AVIDAR_026,185,199,Test,2,0,0,0,2,,,
AVIDAR,AVIDAR_026,186,200,Test,2,2,2,0,0,0.9529568939669777,,
AVIDAR,AVIDAR_026,187,201,Test,2,0,0,0,2,,,
AVIDAR,AVIDAR_026,188,202,Test,2,2,2,0,0,0.9714238840369575,,
AVIDAR,AVIDAR_026,189,203,Test,2,2,2,0,0,0.9603147675223274,,
AVIDAR,AVIDAR_026,190,204,Test,2,0,0,0,2,,,
AVIDAR,AVIDAR_026,191,205,Test,2,0,0,0,2,,,
AVIDAR,AVIDAR_026,192,206,Test,2,2,2,0,0,0.9676469466306978,,
AVIDAR,AVIDAR_026,193,207,Test,2,0,0,0,2,,,
AVIDAR,AVIDAR_026,194,208,Test,2,0,0,0,2,,,
AVIDAR,AVIDAR_026,195,209,Test,2,0,0,0,2,,,
AVIDAR,AVIDAR_026,196,210,Test,2,0,0,0,2,,,
AVIDAR,AVIDAR_026,197,211,Test,2,2,2,0,0,0.9536694660982618,,
AVIDAR,AVIDAR_026,198,212,Test,2,2,2,0,0,0.9448495671567025,,
AVIDAR,AVIDAR_026,199,213,Test,2,0,0,0,2,,,
AVIDAR,AVIDAR_026,200,214,Test,2,2,2,0,0,0.9627962993645307,,
AVIDAR,AVIDAR_026,201,215,Test,2,2,2,0,0,0.955723061790881,,
AVIDAR,AVIDAR_026,202,216,Test,2,2,2,0,0,0.9573453006069927,,
AVIDAR,AVIDAR_026,203,217,Test,2,2,2,0,0,0.9423790949171887,,
AVIDAR,AVIDAR_026,204,218,Test,2,2,2,0,0,0.9531339863370225,,
AVIDAR,AVIDAR_026,205,219,Test,2,2,2,0,0,0.9556777369446277,,
AVIDAR,AVIDAR_026,206,220,Test,2,0,0,0,2,,,
AVIDAR,AVIDAR_026,207,221,Test,2,2,2,0,0,0.941694542319796,,
AVIDAR,AVIDAR_026,208,222,Test,2,2,2,0,0,0.9392965895795173,,
AVIDAR,AVIDAR_026,209,223,Test,2,2,2,0,0,0.9522552577446656,,
AVIDAR,AVIDAR_026,210,224,Test,2,0,0,0,2,,,
AVIDAR,AVIDAR_026,211,225,Test,2,0,0,0,2,,,
AVIDAR,AVIDAR_026,212,226,Test,2,2,2,0,0,0.9395050551222459,,
AVIDAR,AVIDAR_026,213,227,Test,2,2,2,0,0,0.948798012667659,,
AVIDAR,AVIDAR_026,214,228,Test,2,2,2,0,0,0.9396590888075653,,
AVIDAR,AVIDAR_026,215,229,Test,2,0,0,0,2,,,
AVIDAR,AVIDAR_026,216,230,Test,2,0,0,0,2,,,
AVIDAR,AVIDAR_026,217,231,Test,2,0,0,0,2,,,
AVIDAR,AVIDAR_026,218,232,Test,2,2,2,0,0,0.9391517952394548,,
AVIDAR,AVIDAR_026,219,233,Test,2,2,2,0,0,0.9547093633518868,,
AVIDAR,AVIDAR_026,220,234,Test,2,2,2,0,0,0.938573717074972,,
AVIDAR,AVIDAR_026,221,235,Test,2,2,2,0,0,0.9488896086044933,,
AVIDAR,AVIDAR_026,222,236,Test,2,2,2,0,0,0.9470475923412082,,
AVIDAR,AVIDAR_026,223,237,Test,2,2,2,0,0,0.9489008931624537,,
AVIDAR,AVIDAR_026,224,238,Test,2,2,2,0,0,0.9445010442538073,,
AVIDAR,AVIDAR_026,225,239,Test,2,2,2,0,0,0.9439548019381523,,
AVIDAR,AVIDAR_026,226,240,Test,2,2,2,0,0,0.9428527883070356,,
AVIDAR,AVIDAR_026,227,241,Test,2,2,2,0,0,0.9437357450047421,,
AVIDAR,AVIDAR_026,228,242,Test,2,2,2,0,0,0.9388286402815429,,
AVIDAR,AVIDAR_026,229,243,Test,2,2,2,0,0,0.9405690829354012,,
AVIDAR,AVIDAR_026,230,244,Test,2,2,2,0,0,0.9219960204808781,,
AVIDAR,AVIDAR_026,231,245,Test,2,2,2,0,0,0.933082437367273,,
AVIDAR,AVIDAR_026,232,246,Test,2,0,0,0,2,,,
AVIDAR,AVIDAR_026,233,247,Test,2,2,2,0,0,0.9408439774057851,,
AVIDAR,AVIDAR_026,234,248,Test,2,2,2,0,0,0.9353280861463544,,
AVIDAR,AVIDAR_026,235,249,Test,2,2,2,0,0,0.936759407365656,,
AVIDAR,AVIDAR_026,236,250,Test,2,2,2,0,0,0.931493502521326,,
AVIDAR,AVIDAR_026,237,251,Test,2,2,2,0,0,0.9432264200733285,,
AVIDAR,AVIDAR_026,238,252,Test,2,2,2,0,0,0.9357646143192366,,
AVIDAR,AVIDAR_026,239,253,Test,2,0,0,0,2,,,
AVIDAR,AVIDAR_026,240,254,Test,2,0,0,0,2,,,
AVIDAR,AVIDAR_026,241,255,Test,2,0,0,0,2,,,
AVIDAR,AVIDAR_026,242,256,Test,2,0,0,0,2,,,
AVIDAR,AVIDAR_026,243,257,Test,2,0,0,0,2,,,
AVIDAR,AVIDAR_026,244,258,Test,2,0,0,0,2,,,
AVIDAR,AVIDAR_026,245,259,Test,2,2,2,0,0,0.9449529284569599,,
AVIDAR,AVIDAR_026,246,260,Test,2,2,2,0,0,0.9440068990498454,,
AVIDAR,AVIDAR_026,247,261,Test,2,2,2,0,0,0.9368390238893562,,
AVIDAR,AVIDAR_026,248,262,Test,2,2,2,0,0,0.940633426355748,,
AVIDAR,AVIDAR_026,249,263,Test,2,2,2,0,0,0.9399083548429257,,
AVIDAR,AVIDAR_026,250,264,Test,2,2,2,0,0,0.9340161916854187,,
AVIDAR,AVIDAR_026,251,265,Test,2,2,2,0,0,0.932590381941329,,
AVIDAR,AVIDAR_026,252,266,Test,2,2,2,0,0,0.9390427925227656,,
AVIDAR,AVIDAR_026,253,267,Test,2,2,2,0,0,0.9420509591103733,,
AVIDAR,AVIDAR_026,254,268,Test,2,2,2,0,0,0.9434499663769176,,
AVIDAR,AVIDAR_026,255,269,Test,2,2,2,0,0,0.941980823115395,,
AVIDAR,AVIDAR_026,256,270,Test,2,2,2,0,0,0.9441850232366902,,
AVIDAR,AVIDAR_026,257,271,Test,2,2,2,0,0,0.9187468414560673,,
AVIDAR,AVIDAR_026,258,272,Test,2,2,2,0,0,0.9313563614743188,,
AVIDAR,AVIDAR_026,259,273,Test,2,2,2,0,0,0.9451388271906851,,
AVIDAR,AVIDAR_026,260,274,Test,2,2,2,0,0,0.9434213275689393,,
AVIDAR,AVIDAR_026,261,275,Test,2,2,2,0,0,0.9416540510664705,,
AVIDAR,AVIDAR_026,262,276,Test,2,2,2,0,0,0.940116068351474,,
AVIDAR,AVIDAR_026,263,277,Test,2,0,0,0,2,,,
AVIDAR,AVIDAR_026,264,278,Test,2,2,2,0,0,0.9386475625873558,,
AVIDAR,AVIDAR_026,265,279,Test,2,2,2,0,0,0.9484661702732045,,
AVIDAR,AVIDAR_026,266,280,Test,2,2,2,0,0,0.9519104568920509,,
AVIDAR,AVIDAR_026,267,281,Test,2,2,2,0,0,0.9387878149774748,,
AVIDAR,AVIDAR_026,268,282,Test,2,2,2,0,0,0.920678482653559,,
AVIDAR,AVIDAR_026,269,283,Test,2,2,2,0,0,0.9365029974470889,,
AVIDAR,AVIDAR_026,270,284,Test,2,2,2,0,0,0.9354888406114004,,
AVIDAR,AVIDAR_026,271,285,Test,2,2,2,0,0,0.9414969035849599,,
AVIDAR,AVIDAR_026,272,286,Test,2,0,0,0,2,,,
AVIDAR,AVIDAR_026,273,287,Test,2,2,2,0,0,0.9352026301402038,,
AVIDAR,AVIDAR_026,274,288,Test,2,2,2,0,0,0.9343883919379803,,
AVIDAR,AVIDAR_026,275,289,Test,2,2,2,0,0,0.9283473678534171,,
AVIDAR,AVIDAR_026,276,290,Test,2,2,2,0,0,0.9241195519963903,,
AVIDAR,AVIDAR_026,277,291,Test,2,2,2,0,0,0.9307755884639874,,
AVIDAR,AVIDAR_026,278,292,Test,2,0,0,0,2,,,
AVIDAR,AVIDAR_026,279,293,Test,2,2,2,0,0,0.9481943837284119,,
AVIDAR,AVIDAR_026,280,294,Test,2,2,2,0,0,0.9488162840902128,,
AVIDAR,AVIDAR_026,281,295,Test,2,2,2,0,0,0.9534513180908539,,
AVIDAR,AVIDAR_026,282,296,Test,2,2,2,0,0,0.9559245674107038,,
AVIDAR,AVIDAR_026,283,297,Test,2,2,2,0,0,0.9521839933430105,,
AVIDAR,AVIDAR_026,284,298,Test,2,2,2,0,0,0.9279800717644773,,
AVIDAR,AVIDAR_026,285,299,Test,2,2,2,0,0,0.9534645109609015,,
AVIDAR,AVIDAR_026,286,300,Test,2,0,0,0,2,,,
AVIDAR,AVIDAR_026,287,301,Test,2,0,0,0,2,,,
AVIDAR,AVIDAR_026,288,302,Test,2,0,0,0,2,,,
AVIDAR,AVIDAR_026,289,303,Test,2,0,0,0,2,,,
AVIDAR,AVIDAR_026,290,304,Test,2,0,0,0,2,,,
AVIDAR,AVIDAR_026,291,305,Test,2,0,0,0,2,,,
AVIDAR,AVIDAR_026,292,306,Test,2,0,0,0,2,,,
AVIDAR,AVIDAR_026,293,307,Test,2,0,0,0,2,,,
AVIDAR,AVIDAR_026,294,308,Test,2,0,0,0,2,,,
AVIDAR,AVIDAR_026,295,309,Test,2,2,2,0,0,0.9338575170375158,,
AVIDAR,AVIDAR_026,296,310,Test,2,2,2,0,0,0.9442585415093414,,
AVIDAR,AVIDAR_026,297,311,Test,2,2,2,0,0,0.9353335854059668,,
AVIDAR,AVIDAR_026,298,312,Test,2,0,0,0,2,,,
AVIDAR,AVIDAR_026,299,313,Test,2,0,0,0,2,,,
AVIDAR,AVIDAR_026,300,314,Test,2,0,0,0,2,,,
AVIDAR,AVIDAR_026,301,315,Test,2,0,0,0,2,,,
AVIDAR,AVIDAR_026,302,316,Test,2,0,0,0,2,,,
AVIDAR,AVIDAR_026,303,317,Test,2,2,2,0,0,0.938080607498686,,
AVIDAR,AVIDAR_026,304,318,Test,2,2,2,0,0,0.9677391475598556,,
AVIDAR,AVIDAR_026,305,319,Test,2,0,0,0,2,,,
AVIDAR,AVIDAR_026,306,320,Test,2,0,0,0,2,,,
AVIDAR,AVIDAR_026,307,321,Test,2,0,0,0,2,,,
AVIDAR,AVIDAR_026,308,322,Test,2,0,0,0,2,,,
AVIDAR,AVIDAR_026,309,323,Test,2,0,0,0,2,,,
AVIDAR,AVIDAR_026,310,324,Test,2,2,2,0,0,0.9611506256240556,,
AVIDAR,AVIDAR_026,311,325,Test,2,0,0,0,2,,,
AVIDAR,AVIDAR_026,312,326,Test,2,0,0,0,2,,,
AVIDAR,AVIDAR_026,313,327,Test,2,0,0,0,2,,,
AVIDAR,AVIDAR_026,314,328,Test,2,0,0,0,2,,,
AVIDAR,AVIDAR_026,315,329,Test,2,0,0,0,2,,,
AVIDAR,AVIDAR_026,316,330,Test,2,0,0,0,2,,,
AVIDAR,AVIDAR_026,317,331,Test,2,0,0,0,2,,,
AVIDAR,AVIDAR_026,318,332,Test,2,2,2,0,0,0.9316678092250033,,
AVIDAR,AVIDAR_026,319,333,Test,2,0,0,0,2,,,
AVIDAR,AVIDAR_026,320,334,Test,2,0,0,0,2,,,
AVIDAR,AVIDAR_026,321,335,Test,2,0,0,0,2,,,
AVIDAR,AVIDAR_026,322,336,Test,2,2,2,0,0,0.9311856149827588,,
AVIDAR,AVIDAR_026,323,337,Test,2,2,2,0,0,0.9389704624064644,,
AVIDAR,AVIDAR_026,324,338,Test,2,0,0,0,2,,,
AVIDAR,AVIDAR_026,325,339,Test,2,2,2,0,0,0.9408674755658624,,
AVIDAR,AVIDAR_026,326,340,Test,2,2,2,0,0,0.9546496837048574,,
AVIDAR,AVIDAR_026,327,341,Test,2,0,0,0,2,,,
AVIDAR,AVIDAR_026,328,342,Test,2,0,0,0,2,,,
AVIDAR,AVIDAR_026,329,343,Test,2,0,0,0,2,,,
AVIDAR,AVIDAR_026,330,344,Test,2,0,0,0,2,,,
AVIDAR,AVIDAR_026,331,345,Test,2,0,0,0,2,,,
AVIDAR,AVIDAR_026,332,346,Test,2,0,0,0,2,,,
AVIDAR,AVIDAR_026,333,347,Test,2,0,0,0,2,,,
AVIDAR,AVIDAR_026,334,348,Test,2,0,0,0,2,,,
AVIDAR,AVIDAR_026,335,349,Test,2,0,0,0,2,,,
AVIDAR,AVIDAR_026,336,350,Test,2,0,0,0,2,,,
AVIDAR,AVIDAR_026,337,351,Test,2,0,0,0,2,,,
AVIDAR,AVIDAR_026,338,352,Test,2,0,0,0,2,,,
AVIDAR,AVIDAR_026,339,353,Test,2,0,0,0,2,,,
AVIDAR,AVIDAR_026,340,354,Test,2,0,0,0,2,,,
AVIDAR,AVIDAR_026,341,355,Test,2,0,0,0,2,,,
AVIDAR,AVIDAR_026,342,356,Test,2,0,0,0,2,,,
AVIDAR,AVIDAR_026,343,357,Test,2,2,2,0,0,0.9394428732942788,,
AVIDAR,AVIDAR_026,344,358,Test,2,2,2,0,0,0.9267057296270248,,
AVIDAR,AVIDAR_026,345,359,Test,2,0,0,0,2,,,
AVIDAR,AVIDAR_026,346,360,Test,2,2,2,0,0,0.9583914350460014,,
AVIDAR,AVIDAR_026,347,361,Test,2,2,2,0,0,0.9600924304928194,,
AVIDAR,AVIDAR_026,348,362,Test,2,0,0,0,2,,,
AVIDAR,AVIDAR_026,349,363,Test,2,2,2,0,0,0.9227439671321244,,
AVIDAR,AVIDAR_026,350,364,Test,2,2,2,0,0,0.9494811183694485,,
AVIDAR,AVIDAR_026,351,365,Test,2,0,0,0,2,,,
AVIDAR,AVIDAR_026,352,366,Test,2,0,0,0,2,,,
AVIDAR,AVIDAR_026,353,367,Test,2,2,2,0,0,0.9520421374757833,,
AVIDAR,AVIDAR_026,354,368,Test,2,0,0,0,2,,,
AVIDAR,AVIDAR_026,355,369,Test,2,0,0,0,2,,,
AVIDAR,AVIDAR_026,356,370,Test,2,0,0,0,2,,,
AVIDAR,AVIDAR_026,357,371,Test,2,0,0,0,2,,,
AVIDAR,AVIDAR_026,358,372,Test,2,2,2,0,0,0.9433041326344462,,
AVIDAR,AVIDAR_026,359,373,Test,2,2,2,0,0,0.9512458642892208,,
AVIDAR,AVIDAR_026,360,374,Test,2,0,0,0,2,,,
AVIDAR,AVIDAR_026,361,375,Test,2,0,0,0,2,,,
AVIDAR,AVIDAR_026,362,376,Test,2,0,0,0,2,,,
AVIDAR,AVIDAR_026,363,377,Test,2,2,2,0,0,0.9528454255525826,,
AVIDAR,AVIDAR_026,364,378,Test,2,0,0,0,2,,,
AVIDAR,AVIDAR_026,365,379,Test,2,0,0,0,2,,,
AVIDAR,AVIDAR_026,366,380,Test,2,2,2,0,0,0.9410566084988898,,
AVIDAR,AVIDAR_026,367,381,Test,2,0,0,0,2,,,
AVIDAR,AVIDAR_026,368,382,Test,2,0,0,0,2,,,
AVIDAR,AVIDAR_026,369,383,Test,2,0,0,0,2,,,
AVIDAR,AVIDAR_026,370,384,Test,2,0,0,0,2,,,
AVIDAR,AVIDAR_026,371,385,Test,2,0,0,0,2,,,
AVIDAR,AVIDAR_026,372,386,Test,2,0,0,0,2,,,
AVIDAR,AVIDAR_026,373,387,Test,2,2,2,0,0,0.9594440270222278,,
AVIDAR,AVIDAR_026,374,388,Test,2,2,2,0,0,0.9460281505787109,,
AVIDAR,AVIDAR_026,375,389,Test,2,0,0,0,2,,,
AVIDAR,AVIDAR_026,376,390,Test,2,0,0,0,2,,,
AVIDAR,AVIDAR_026,377,391,Test,2,2,2,0,0,0.9475839340739469,,
AVIDAR,AVIDAR_026,378,392,Test,2,2,2,0,0,0.9405788287482273,,
AVIDAR,AVIDAR_026,379,393,Test,2,0,0,0,2,,,
AVIDAR,AVIDAR_026,380,394,Test,2,0,0,0,2,,,
AVIDAR,AVIDAR_026,381,395,Test,2,0,0,0,2,,,
AVIDAR,AVIDAR_026,382,396,Test,2,0,0,0,2,,,
AVIDAR,AVIDAR_026,383,397,Test,2,2,2,0,0,0.9425490843444408,,
AVIDAR,AVIDAR_026,384,398,Test,2,0,0,0,2,,,
AVIDAR,AVIDAR_026,385,399,Test,2,2,2,0,0,0.938080176069751,,
AVIDAR,AVIDAR_026,386,400,Test,2,2,2,0,0,0.9337392051844624,,
AVIDAR,AVIDAR_026,387,401,Test,2,0,0,0,2,,,
AVIDAR,AVIDAR_026,388,402,Test,2,0,0,0,2,,,
AVIDAR,AVIDAR_026,389,403,Test,2,0,0,0,2,,,
AVIDAR,AVIDAR_026,390,404,Test,2,0,0,0,2,,,
AVIDAR,AVIDAR_026,391,405,Test,2,0,0,0,2,,,
AVIDAR,AVIDAR_026,392,406,Test,2,0,0,0,2,,,
AVIDAR,AVIDAR_026,393,407,Test,2,0,0,0,2,,,
AVIDAR,AVIDAR_026,394,408,Test,2,0,0,0,2,,,
JRDB,JRDB_001,1,1617,Test,1,0,0,0,1,,,
JRDB,JRDB_001,2,1618,Test,1,3,0,3,1,,,
JRDB,JRDB_001,3,1619,Test,1,0,0,0,1,,,
JRDB,JRDB_001,4,1620,Test,1,0,0,0,1,,,
JRDB,JRDB_001,5,1621,Test,1,0,0,0,1,,,
JRDB,JRDB_001,6,1622,Test,1,0,0,0,1,,,
JRDB,JRDB_001,7,1623,Test,1,0,0,0,1,,,
JRDB,JRDB_001,8,1624,Test,1,0,0,0,1,,,
JRDB,JRDB_001,9,1625,Test,1,0,0,0,1,,,
JRDB,JRDB_001,10,1626,Test,1,0,0,0,1,,,
JRDB,JRDB_001,11,1627,Test,1,0,0,0,1,,,
JRDB,JRDB_001,12,1628,Test,1,0,0,0,1,,,
JRDB,JRDB_001,13,1629,Test,1,0,0,0,1,,,
JRDB,JRDB_001,14,1630,Test,1,0,0,0,1,,,
JRDB,JRDB_001,15,1631,Test,1,0,0,0,1,,,
JRDB,JRDB_001,16,1632,Test,1,3,0,3,1,,,
JRDB,JRDB_001,17,1633,Test,1,0,0,0,1,,,
JRDB,JRDB_001,18,1634,Test,1,3,0,3,1,,,
JRDB,JRDB_001,19,1635,Test,1,3,1,2,0,0.5057554315089777,,
JRDB,JRDB_001,20,1636,Test,1,3,0,3,1,,,
JRDB,JRDB_001,21,1637,Test,1,3,0,3,1,,,
JRDB,JRDB_001,22,1638,Test,1,0,0,0,1,,,
JRDB,JRDB_001,23,1639,Test,1,3,1,2,0,0.5311408834929441,,
JRDB,JRDB_001,24,1640,Test,1,3,1,2,0,0.5375616811232944,,
JRDB,JRDB_001,25,1641,Test,1,0,0,0,1,,,
JRDB,JRDB_001,26,1642,Test,1,0,0,0,1,,,
JRDB,JRDB_001,27,1643,Test,1,0,0,0,1,,,
JRDB,JRDB_001,28,1644,Test,1,0,0,0,1,,,
JRDB,JRDB_001,29,1645,Test,1,3,1,2,0,0.6377276128979292,,
JRDB,JRDB_001,30,1646,Test,1,0,0,0,1,,,
JRDB,JRDB_001,31,1647,Test,1,0,0,0,1,,,
JRDB,JRDB_001,32,1648,Test,1,3,1,2,0,0.635944381142372,,
JRDB,JRDB_001,33,1649,Test,1,0,0,0,1,,,
JRDB,JRDB_001,34,1650,Test,1,3,1,2,0,0.6349216560707112,,
JRDB,JRDB_001,35,1651,Test,1,3,1,2,0,0.6470513632691084,,
JRDB,JRDB_001,36,1652,Test,1,3,1,2,0,0.6441193778461783,,
JRDB,JRDB_001,37,1653,Test,1,3,1,2,0,0.662903824171843,,
JRDB,JRDB_001,38,1654,Test,1,3,1,2,0,0.6395549056370202,,
JRDB,JRDB_001,39,1655,Test,1,0,0,0,1,,,
JRDB,JRDB_001,40,1656,Test,1,0,0,0,1,,,
JRDB,JRDB_001,41,1657,Test,1,3,1,2,0,0.6815304164835989,,
JRDB,JRDB_001,42,1658,Test,1,0,0,0,1,,,
JRDB,JRDB_001,43,1659,Test,1,0,0,0,1,,,
JRDB,JRDB_001,44,1660,Test,1,0,0,0,1,,,
JRDB,JRDB_001,45,1661,Test,1,3,1,2,0,0.6694980117638651,,
JRDB,JRDB_001,46,1662,Test,1,3,1,2,0,0.6824430855916511,,
JRDB,JRDB_001,47,1663,Test,1,0,0,0,1,,,
JRDB,JRDB_001,48,1664,Test,1,0,0,0,1,,,
JRDB,JRDB_001,49,1665,Test,1,0,0,0,1,,,
JRDB,JRDB_001,50,1666,Test,1,0,0,0,1,,,
JRDB,JRDB_001,51,1667,Test,1,0,0,0,1,,,
JRDB,JRDB_002,1,181,Test,2,0,0,0,2,,,
JRDB,JRDB_002,2,182,Test,3,0,0,0,3,,,
JRDB,JRDB_002,3,183,Test,3,0,0,0,3,,,
JRDB,JRDB_002,4,184,Test,3,0,0,0,3,,,
JRDB,JRDB_002,5,185,Test,3,0,0,0,3,,,
JRDB,JRDB_002,6,186,Test,3,0,0,0,3,,,
JRDB,JRDB_002,7,187,Test,3,0,0,0,3,,,
JRDB,JRDB_002,8,188,Test,3,0,0,0,3,,,
JRDB,JRDB_002,9,189,Test,3,0,0,0,3,,,
JRDB,JRDB_002,10,190,Test,3,0,0,0,3,,,
JRDB,JRDB_002,11,191,Test,3,0,0,0,3,,,
JRDB,JRDB_002,12,192,Test,3,0,0,0,3,,,
JRDB,JRDB_002,13,193,Test,3,0,0,0,3,,,
JRDB,JRDB_002,14,194,Test,3,0,0,0,3,,,
JRDB,JRDB_004,1,835,Test,3,0,0,0,3,,,
JRDB,JRDB_004,2,836,Test,3,0,0,0,3,,,
JRDB,JRDB_004,3,837,Test,3,5,1,4,2,0.6778721927044948,,
JRDB,JRDB_004,4,838,Test,3,0,0,0,3,,,
JRDB,JRDB_004,5,839,Test,3,0,0,0,3,,,
JRDB,JRDB_004,6,840,Test,2,0,0,0,2,,,
JRDB,JRDB_004,7,841,Test,2,5,1,4,1,0.6848032228341526,,
JRDB,JRDB_004,8,842,Test,2,0,0,0,2,,,
JRDB,JRDB_004,9,843,Test,2,0,0,0,2,,,
JRDB,JRDB_004,10,844,Test,2,0,0,0,2,,,
JRDB,JRDB_004,11,845,Test,2,0,0,0,2,,,
JRDB,JRDB_004,12,846,Test,2,0,0,0,2,,,
JRDB,JRDB_004,13,847,Test,2,0,0,0,2,,,
JRDB,JRDB_004,14,848,Test,2,0,0,0,2,,,
JRDB,JRDB_004,15,849,Test,2,0,0,0,2,,,
JRDB,JRDB_004,16,850,Test,2,0,0,0,2,,,
JRDB,JRDB_004,17,851,Test,2,0,0,0,2,,,
JRDB,JRDB_004,18,852,Test,2,0,0,0,2,,,
JRDB,JRDB_004,19,853,Test,2,0,0,0,2,,,
JRDB,JRDB_004,20,854,Test,2,0,0,0,2,,,
JRDB,JRDB_004,21,855,Test,2,0,0,0,2,,,
JRDB,JRDB_004,22,856,Test,2,0,0,0,2,,,
JRDB,JRDB_004,23,857,Test,2,0,0,0,2,,,
JRDB,JRDB_004,24,858,Test,2,0,0,0,2,,,
JRDB,JRDB_004,25,859,Test,2,0,0,0,2,,,
JRDB,JRDB_004,26,860,Test,2,0,0,0,2,,,
JRDB,JRDB_004,27,861,Test,2,0,0,0,2,,,
JRDB,JRDB_004,28,862,Test,2,0,0,0,2,,,
JRDB,JRDB_004,29,863,Test,2,0,0,0,2,,,
JRDB,JRDB_004,30,864,Test,2,0,0,0,2,,,
JRDB,JRDB_004,31,865,Test,2,0,0,0,2,,,
JRDB,JRDB_004,32,866,Test,2,0,0,0,2,,,
JRDB,JRDB_004,33,867,Test,2,0,0,0,2,,,
JRDB,JRDB_004,34,868,Test,2,0,0,0,2,,,
JRDB,JRDB_004,35,869,Test,2,0,0,0,2,,,
JRDB,JRDB_004,36,870,Test,2,0,0,0,2,,,
JRDB,JRDB_004,37,871,Test,2,0,0,0,2,,,
JRDB,JRDB_004,38,872,Test,2,0,0,0,2,,,
JRDB,JRDB_004,39,873,Test,2,0,0,0,2,,,
JRDB,JRDB_004,40,874,Test,2,0,0,0,2,,,
JRDB,JRDB_004,41,875,Test,2,0,0,0,2,,,
JRDB,JRDB_004,42,876,Test,2,0,0,0,2,,,
JRDB,JRDB_004,43,877,Test,1,0,0,0,1,,,
JRDB,JRDB_004,44,878,Test,1,0,0,0,1,,,
JRDB,JRDB_004,45,879,Test,1,0,0,0,1,,,
JRDB,JRDB_004,46,880,Test,1,0,0,0,1,,,
JRDB,JRDB_004,47,881,Test,1,0,0,0,1,,,
JRDB,JRDB_004,48,882,Test,1,0,0,0,1,,,
JRDB,JRDB_004,49,883,Test,1,0,0,0,1,,,
JRDB,JRDB_004,50,884,Test,1,0,0,0,1,,,
JRDB,JRDB_004,51,885,Test,1,0,0,0,1,,,
JRDB,JRDB_005,1,1160,Test,2,0,0,0,2,,,
JRDB,JRDB_005,2,1161,Test,2,0,0,0,2,,,
JRDB,JRDB_005,3,1162,Test,2,0,0,0,2,,,
JRDB,JRDB_005,4,1163,Test,2,0,0,0,2,,,
JRDB,JRDB_005,5,1164,Test,2,0,0,0,2,,,
JRDB,JRDB_005,6,1165,Test,2,0,0,0,2,,,
JRDB,JRDB_005,7,1166,Test,2,0,0,0,2,,,
JRDB,JRDB_005,8,1167,Test,2,0,0,0,2,,,
JRDB,JRDB_005,9,1168,Test,2,0,0,0,2,,,
JRDB,JRDB_005,10,1169,Test,2,0,0,0,2,,,
JRDB,JRDB_005,11,1170,Test,2,3,2,1,0,0.5719699045480797,,
JRDB,JRDB_005,12,1171,Test,2,3,2,1,0,0.5808094646913785,,
JRDB,JRDB_005,13,1172,Test,2,3,2,1,0,0.5776954133293541,,
JRDB,JRDB_005,14,1173,Test,2,0,0,0,2,,,
JRDB,JRDB_005,15,1174,Test,2,0,0,0,2,,,
JRDB,JRDB_005,16,1175,Test,2,0,0,0,2,,,
JRDB,JRDB_005,17,1176,Test,2,0,0,0,2,,,
JRDB,JRDB_005,18,1177,Test,2,0,0,0,2,,,
JRDB,JRDB_005,19,1178,Test,2,4,2,2,0,0.562209540542957,,
JRDB,JRDB_005,20,1179,Test,2,0,0,0,2,,,
JRDB,JRDB_005,21,1180,Test,2,0,0,0,2,,,
JRDB,JRDB_005,22,1181,Test,2,0,0,0,2,,,
JRDB,JRDB_005,23,1182,Test,2,4,2,2,0,0.568950997440711,,
JRDB,JRDB_005,24,1183,Test,2,0,0,0,2,,,
JRDB,JRDB_005,25,1184,Test,2,0,0,0,2,,,
JRDB,JRDB_005,26,1185,Test,2,4,2,2,0,0.5577762745601149,,
JRDB,JRDB_005,27,1186,Test,2,0,0,0,2,,,
JRDB,JRDB_005,28,1187,Test,2,0,0,0,2,,,
JRDB,JRDB_005,29,1188,Test,2,0,0,0,2,,,
JRDB,JRDB_005,30,1189,Test,2,0,0,0,2,,,
JRDB,JRDB_005,31,1190,Test,2,0,0,0,2,,,
JRDB,JRDB_005,32,1191,Test,2,0,0,0,2,,,
JRDB,JRDB_005,33,1192,Test,2,0,0,0,2,,,
JRDB,JRDB_005,34,1193,Test,2,0,0,0,2,,,
JRDB,JRDB_005,35,1194,Test,2,0,0,0,2,,,
JRDB,JRDB_005,36,1195,Test,2,0,0,0,2,,,
JRDB,JRDB_005,37,1196,Test,2,0,0,0,2,,,
JRDB,JRDB_005,38,1197,Test,2,0,0,0,2,,,
JRDB,JRDB_005,39,1198,Test,2,0,0,0,2,,,
JRDB,JRDB_005,40,1199,Test,2,0,0,0,2,,,
JRDB,JRDB_005,41,1200,Test,2,0,0,0,2,,,
JRDB,JRDB_005,42,1201,Test,2,0,0,0,2,,,
JRDB,JRDB_005,43,1202,Test,2,0,0,0,2,,,
JRDB,JRDB_005,44,1203,Test,2,0,0,0,2,,,
JRDB,JRDB_005,45,1204,Test,2,0,0,0,2,,,
JRDB,JRDB_005,46,1205,Test,2,0,0,0,2,,,
JRDB,JRDB_005,47,1206,Test,2,0,0,0,2,,,
JRDB,JRDB_005,48,1207,Test,2,0,0,0,2,,,
JRDB,JRDB_005,49,1208,Test,2,0,0,0,2,,,
JRDB,JRDB_005,50,1209,Test,2,0,0,0,2,,,
JRDB,JRDB_005,51,1210,Test,2,0,0,0,2,,,
JRDB,JRDB_006,1,353,Test,1,0,0,0,1,,,
JRDB,JRDB_006,2,354,Test,1,0,0,0,1,,,
JRDB,JRDB_006,3,355,Test,1,0,0,0,1,,,
JRDB,JRDB_006,4,356,Test,1,0,0,0,1,,,
JRDB,JRDB_006,5,357,Test,1,0,0,0,1,,,
JRDB,JRDB_006,6,358,Test,1,0,0,0,1,,,
JRDB,JRDB_006,7,359,Test,1,0,0,0,1,,,
JRDB,JRDB_006,8,360,Test,1,0,0,0,1,,,
JRDB,JRDB_006,9,361,Test,1,0,0,0,1,,,
JRDB,JRDB_006,10,362,Test,1,0,0,0,1,,,
JRDB,JRDB_006,11,363,Test,1,0,0,0,1,,,
JRDB,JRDB_006,12,364,Test,1,0,0,0,1,,,
JRDB,JRDB_006,13,365,Test,1,0,0,0,1,,,
JRDB,JRDB_006,14,366,Test,1,0,0,0,1,,,
JRDB,JRDB_006,15,367,Test,1,0,0,0,1,,,
JRDB,JRDB_006,16,368,Test,1,0,0,0,1,,,
JRDB,JRDB_006,17,369,Test,1,0,0,0,1,,,
JRDB,JRDB_006,18,370,Test,1,0,0,0,1,,,
JRDB,JRDB_006,19,371,Test,1,0,0,0,1,,,
JRDB,JRDB_006,20,372,Test,1,0,0,0,1,,,
JRDB,JRDB_006,21,373,Test,1,0,0,0,1,,,
JRDB,JRDB_006,22,374,Test,1,0,0,0,1,,,
JRDB,JRDB_006,23,375,Test,1,0,0,0,1,,,
JRDB,JRDB_006,24,376,Test,1,0,0,0,1,,,
JRDB,JRDB_006,25,377,Test,1,0,0,0,1,,,
JRDB,JRDB_006,26,378,Test,1,0,0,0,1,,,
JRDB,JRDB_006,27,379,Test,1,0,0,0,1,,,
JRDB,JRDB_006,28,380,Test,1,0,0,0,1,,,
JRDB,JRDB_006,29,381,Test,1,0,0,0,1,,,
JRDB,JRDB_006,30,382,Test,1,0,0,0,1,,,
JRDB,JRDB_006,31,383,Test,1,0,0,0,1,,,
JRDB,JRDB_006,32,384,Test,1,0,0,0,1,,,
JRDB,JRDB_006,33,385,Test,1,0,0,0,1,,,
JRDB,JRDB_006,34,386,Test,1,0,0,0,1,,,
JRDB,JRDB_006,35,387,Test,1,0,0,0,1,,,
JRDB,JRDB_006,36,388,Test,1,0,0,0,1,,,
JRDB,JRDB_006,37,389,Test,1,0,0,0,1,,,
JRDB,JRDB_006,38,390,Test,1,0,0,0,1,,,
JRDB,JRDB_006,39,391,Test,1,0,0,0,1,,,
JRDB,JRDB_006,40,392,Test,1,0,0,0,1,,,
SSUP-HRI,Oct-12-astor-place-19,1,675,Test,1,3,1,2,0,0.6382421387481224,,
SSUP-HRI,Oct-12-astor-place-19,2,676,Test,1,3,1,2,0,0.63382147859784,,
SSUP-HRI,Oct-12-astor-place-19,3,677,Test,1,5,1,4,0,0.6127271575636546,,
SSUP-HRI,Oct-12-astor-place-19,4,678,Test,1,5,1,4,0,0.6434851689293468,,
SSUP-HRI,Oct-12-astor-place-19,5,679,Test,1,0,0,0,1,,,
SSUP-HRI,Oct-12-astor-place-19,6,680,Test,1,3,1,2,0,0.6495153434452552,,
SSUP-HRI,Oct-12-astor-place-19,7,681,Test,1,5,1,4,0,0.6740253764419033,,
SSUP-HRI,Oct-12-astor-place-19,8,682,Test,1,0,0,0,1,,,
SSUP-HRI,Oct-12-astor-place-19,9,683,Test,1,0,0,0,1,,,
SSUP-HRI,Oct-12-astor-place-19,10,684,Test,1,0,0,0,1,,,
SSUP-HRI,Oct-12-astor-place-19,11,685,Test,1,0,0,0,1,,,
SSUP-HRI,Oct-12-astor-place-19,12,686,Test,1,3,0,3,1,,,
SSUP-HRI,Oct-12-astor-place-19,13,687,Test,1,0,0,0,1,,,
SSUP-HRI,Oct-12-astor-place-19,14,688,Test,1,3,1,2,0,0.6222323961965223,,
SSUP-HRI,Oct-12-astor-place-19,15,689,Test,1,0,0,0,1,,,
SSUP-HRI,Oct-12-astor-place-19,16,690,Test,1,5,1,4,0,0.6540019013313716,,
SSUP-HRI,Oct-12-astor-place-19,17,691,Test,1,0,0,0,1,,,
SSUP-HRI,Oct-12-astor-place-19,18,692,Test,1,0,0,0,1,,,
SSUP-HRI,Oct-12-astor-place-19,19,693,Test,1,3,1,2,0,0.7044053939848642,,
SSUP-HRI,Oct-12-astor-place-19,20,694,Test,1,3,1,2,0,0.7094126443364229,,
SSUP-HRI,Oct-12-astor-place-19,21,695,Test,1,5,1,4,0,0.5729363570948087,,
SSUP-HRI,Oct-12-astor-place-19,22,696,Test,1,3,1,2,0,0.7113827320735712,,
SSUP-HRI,Oct-12-astor-place-19,23,697,Test,1,5,1,4,0,0.5641344231324734,,
SSUP-HRI,Oct-12-astor-place-19,24,698,Test,1,3,1,2,0,0.7159838696223093,,
SSUP-HRI,Oct-12-astor-place-19,25,699,Test,1,5,1,4,0,0.6285073582525894,,
SSUP-HRI,Oct-12-astor-place-19,26,700,Test,1,5,1,4,0,0.6644783202722119,,
SSUP-HRI,Oct-12-astor-place-19,27,701,Test,1,0,0,0,1,,,
SSUP-HRI,Oct-12-astor-place-19,28,702,Test,1,0,0,0,1,,,
SSUP-HRI,Oct-12-astor-place-19,29,703,Test,1,5,1,4,0,0.5654376953215904,,
SSUP-HRI,Oct-12-astor-place-19,30,704,Test,1,5,1,4,0,0.6761071421163664,,
SSUP-HRI,Oct-12-astor-place-19,31,705,Test,1,0,0,0,1,,,
SSUP-HRI,Oct-12-astor-place-19,32,706,Test,1,5,1,4,0,0.5966382213128386,,
SSUP-HRI,Oct-12-astor-place-19,33,707,Test,1,5,1,4,0,0.6896721503997989,,
SSUP-HRI,Oct-12-astor-place-19,34,708,Test,1,5,1,4,0,0.5591561262304072,,
SSUP-HRI,Oct-12-astor-place-19,35,709,Test,1,5,1,4,0,0.585614538477934,,
SSUP-HRI,Oct-12-astor-place-19,36,710,Test,1,5,1,4,0,0.5992846216429583,,
SSUP-HRI,Oct-12-astor-place-19,37,711,Test,1,5,1,4,0,0.6943041396041127,,
SSUP-HRI,Oct-12-astor-place-19,38,712,Test,1,3,1,2,0,0.6936693005841467,,
SSUP-HRI,Oct-12-astor-place-19,39,713,Test,1,0,0,0,1,,,
SSUP-HRI,Oct-12-astor-place-19,40,714,Test,1,0,0,0,1,,,
SSUP-HRI,Oct-12-astor-place-19,41,715,Test,1,3,1,2,0,0.6692192197186492,,
SSUP-HRI,Oct-12-astor-place-19,42,716,Test,1,0,0,0,1,,,
SSUP-HRI,Oct-12-astor-place-19,43,717,Test,1,0,0,0,1,,,
SSUP-HRI,Oct-12-astor-place-19,44,718,Test,1,0,0,0,1,,,
SSUP-HRI,Oct-12-astor-place-19,45,719,Test,1,0,0,0,1,,,
SSUP-HRI,Oct-12-astor-place-19,46,720,Test,1,0,0,0,1,,,
SSUP-HRI,Oct-12-astor-place-19,47,721,Test,1,5,1,4,0,0.646121927413659,,
SSUP-HRI,Oct-12-astor-place-19,48,722,Test,1,5,1,4,0,0.6290898231983771,,
SSUP-HRI,Oct-12-astor-place-19,49,723,Test,1,0,0,0,1,,,
SSUP-HRI,Oct-12-astor-place-19,50,724,Test,1,5,1,4,0,0.6296329008369786,,
SSUP-HRI,Oct-12-astor-place-19,51,725,Test,1,4,1,3,0,0.5611997484031586,,
SSUP-HRI,Oct-12-astor-place-19,52,726,Test,1,0,0,0,1,,,
SSUP-HRI,Oct-12-astor-place-19,53,727,Test,1,5,1,4,0,0.623087094240896,,
SSUP-HRI,Oct-12-astor-place-19,54,728,Test,1,0,0,0,1,,,
SSUP-HRI,Oct-12-astor-place-19,55,729,Test,1,5,1,4,0,0.597021740219811,,
SSUP-HRI,Oct-12-astor-place-19,56,730,Test,1,5,0,5,1,,,
SSUP-HRI,Oct-12-astor-place-19,57,731,Test,1,5,1,4,0,0.605767008455071,,
SSUP-HRI,Oct-12-astor-place-19,58,732,Test,1,5,1,4,0,0.6667199724842576,,
SSUP-HRI,Oct-12-astor-place-19,59,733,Test,1,5,1,4,0,0.7075035586200675,,
SSUP-HRI,Oct-12-astor-place-19,60,734,Test,1,0,0,0,1,,,
SSUP-HRI,Oct-12-astor-place-19,61,735,Test,1,0,0,0,1,,,
SSUP-HRI,Oct-12-astor-place-19,62,736,Test,1,4,0,4,1,,,
SSUP-HRI,Oct-12-astor-place-19,63,737,Test,1,5,1,4,0,0.6249650550423814,,
SSUP-HRI,Oct-12-astor-place-19,64,738,Test,1,5,1,4,0,0.6237525017379857,,
SSUP-HRI,Oct-12-astor-place-19,65,739,Test,1,5,1,4,0,0.6792675063617681,,
SSUP-HRI,Oct-12-astor-place-19,66,740,Test,1,3,1,2,0,0.693861274464746,,
SSUP-HRI,Oct-12-astor-place-19,67,741,Test,1,3,1,2,0,0.6842148089721249,,
SSUP-HRI,Oct-12-astor-place-19,68,742,Test,1,3,1,2,0,0.6274045952546441,,
SSUP-HRI,Oct-12-astor-place-19,69,743,Test,1,3,1,2,0,0.6459496567381884,,
SSUP-HRI,Oct-12-astor-place-19,70,744,Test,1,3,1,2,0,0.6381751879303187,,
SSUP-HRI,Oct-12-astor-place-19,71,745,Test,1,3,1,2,0,0.6660700135715915,,
SSUP-HRI,Oct-12-astor-place-19,72,746,Test,1,3,1,2,0,0.6547461404124922,,
SSUP-HRI,Oct-12-astor-place-19,73,747,Test,1,5,1,4,0,0.6948169635750997,,
SSUP-HRI,Oct-12-astor-place-19,74,748,Test,1,3,1,2,0,0.6656127009795451,,
SSUP-HRI,Oct-12-astor-place-19,75,749,Test,1,3,1,2,0,0.6622801154574868,,
SSUP-HRI,Oct-12-astor-place-19,76,750,Test,1,3,1,2,0,0.6157753667483636,,
SSUP-HRI,Oct-12-astor-place-19,77,751,Test,1,3,1,2,0,0.6192434867947568,,
SSUP-HRI,Oct-12-astor-place-19,78,752,Test,1,3,1,2,0,0.6249999683393055,,
SSUP-HRI,Oct-12-astor-place-19,79,753,Test,1,3,1,2,0,0.5954682137566608,,
SSUP-HRI,Oct-12-astor-place-19,80,754,Test,1,0,0,0,1,,,
SSUP-HRI,Oct-12-astor-place-19,81,755,Test,1,0,0,0,1,,,
SSUP-HRI,Oct-12-astor-place-19,82,756,Test,1,3,1,2,0,0.6015911706800198,,
SSUP-HRI,Oct-12-astor-place-19,83,757,Test,1,3,1,2,0,0.69168588064808,,
SSUP-HRI,Oct-12-astor-place-19,84,758,Test,1,0,0,0,1,,,
SSUP-HRI,Oct-12-astor-place-19,85,759,Test,1,3,1,2,0,0.6961864484137553,,
SSUP-HRI,Oct-12-astor-place-19,86,760,Test,1,5,1,4,0,0.7096305406487673,,
SSUP-HRI,Oct-12-astor-place-19,87,761,Test,1,3,1,2,0,0.6742702467765336,,
SSUP-HRI,Oct-12-astor-place-19,88,762,Test,1,3,1,2,0,0.7122333030160799,,
SSUP-HRI,Oct-12-astor-place-19,89,763,Test,1,3,1,2,0,0.712593610588838,,
SSUP-HRI,Oct-12-astor-place-19,90,764,Test,1,3,1,2,0,0.7251422559914056,,
SSUP-HRI,Oct-12-astor-place-19,91,765,Test,1,3,1,2,0,0.7556378001577322,,
SSUP-HRI,Oct-12-astor-place-19,92,766,Test,1,3,1,2,0,0.7541541070504107,,
SSUP-HRI,Oct-12-astor-place-19,93,767,Test,1,3,1,2,0,0.7583329086400076,,
SSUP-HRI,Oct-12-astor-place-19,94,768,Test,1,3,1,2,0,0.723194316760225,,
SSUP-HRI,Oct-12-astor-place-19,95,769,Test,1,3,1,2,0,0.7666988670252345,,
SSUP-HRI,Oct-12-astor-place-19,96,770,Test,1,3,1,2,0,0.7394933908445851,,
SSUP-HRI,Oct-12-astor-place-19,97,771,Test,1,3,1,2,0,0.7392240078951341,,
SSUP-HRI,Oct-12-astor-place-19,98,772,Test,1,3,1,2,0,0.7805227287762616,,
SSUP-HRI,Oct-12-astor-place-19,99,773,Test,1,3,1,2,0,0.8145789362620984,,
SSUP-HRI,Oct-12-astor-place-19,100,774,Test,1,3,1,2,0,0.7137638192538593,,
SSUP-HRI,Oct-12-astor-place-19,101,775,Test,1,3,1,2,0,0.7577554008807789,,
SSUP-HRI,Oct-12-astor-place-19,102,776,Test,1,3,1,2,0,0.8354283533237011,,
SSUP-HRI,Oct-12-astor-place-19,103,777,Test,1,3,1,2,0,0.8421668650588227,,
SSUP-HRI,Oct-12-astor-place-19,104,778,Test,1,3,1,2,0,0.7827027851233764,,
SSUP-HRI,Oct-12-astor-place-19,105,779,Test,1,3,1,2,0,0.7790208971843524,,
SSUP-HRI,Oct-12-astor-place-19,106,780,Test,1,3,1,2,0,0.737434431772828,,
SSUP-HRI,Oct-12-astor-place-19,107,781,Test,1,3,1,2,0,0.7355581733179988,,
SSUP-HRI,Oct-12-astor-place-19,108,782,Test,1,3,1,2,0,0.7934430147870567,,
SSUP-HRI,Oct-12-astor-place-19,109,783,Test,1,3,1,2,0,0.7982514434812623,,
SSUP-HRI,Oct-12-astor-place-19,110,784,Test,1,3,1,2,0,0.8008105566893534,,
SSUP-HRI,Oct-12-astor-place-19,111,785,Test,1,3,1,2,0,0.7932262059387198,,
SSUP-HRI,Oct-12-astor-place-19,112,786,Test,1,3,1,2,0,0.7807592385166972,,
SSUP-HRI,Oct-12-astor-place-19,113,787,Test,1,3,1,2,0,0.7560634931893968,,
SSUP-HRI,Oct-12-astor-place-19,114,788,Test,1,3,1,2,0,0.7825922702968813,,
SSUP-HRI,Oct-12-astor-place-19,115,789,Test,1,3,1,2,0,0.7807480969017153,,
SSUP-HRI,Oct-12-astor-place-19,116,790,Test,1,3,1,2,0,0.800714064186159,,
SSUP-HRI,Oct-12-astor-place-19,117,791,Test,1,5,1,4,0,0.7926453759475544,,
SSUP-HRI,Oct-12-astor-place-19,118,792,Test,1,5,1,4,0,0.7870354212309991,,
SSUP-HRI,Oct-12-astor-place-19,119,793,Test,1,5,1,4,0,0.772172066501943,,
SSUP-HRI,Oct-12-astor-place-19,120,794,Test,1,5,1,4,0,0.7331292435768749,,
SSUP-HRI,Oct-12-astor-place-19,121,795,Test,1,3,1,2,0,0.7327865090871837,,
SSUP-HRI,Oct-12-astor-place-19,122,796,Test,1,3,1,2,0,0.7051884582799999,,
SSUP-HRI,Oct-12-astor-place-19,123,797,Test,1,3,1,2,0,0.7141626967967003,,
SSUP-HRI,Oct-12-astor-place-19,124,798,Test,1,3,1,2,0,0.7112566289536646,,
SSUP-HRI,Oct-12-astor-place-19,125,799,Test,1,3,1,2,0,0.7591070819175045,,
SSUP-HRI,Oct-12-astor-place-19,126,800,Test,1,3,1,2,0,0.7391660848682909,,
SSUP-HRI,Oct-12-astor-place-19,127,801,Test,1,3,1,2,0,0.7224147460633558,,
SSUP-HRI,Oct-12-astor-place-19,128,802,Test,1,3,1,2,0,0.7324453976034856,,
SSUP-HRI,Oct-12-astor-place-19,129,803,Test,1,3,1,2,0,0.6845818929066902,,
SSUP-HRI,Oct-12-astor-place-19,130,804,Test,1,3,1,2,0,0.7092581676044256,,
SSUP-HRI,Oct-12-astor-place-19,131,805,Test,1,3,1,2,0,0.6468325288475026,,
SSUP-HRI,Oct-12-astor-place-19,132,806,Test,1,3,1,2,0,0.6828661787440813,,
SSUP-HRI,Oct-12-astor-place-19,133,807,Test,1,0,0,0,1,,,
SSUP-HRI,Oct-12-astor-place-19,134,808,Test,1,0,0,0,1,,,
SSUP-HRI,Oct-12-astor-place-19,135,809,Test,1,0,0,0,1,,,
SSUP-HRI,Oct-12-astor-place-19,136,810,Test,1,0,0,0,1,,,
SSUP-HRI,Oct-12-astor-place-19,137,811,Test,1,0,0,0,1,,,
SSUP-HRI,Oct-12-astor-place-19,138,812,Test,1,0,0,0,1,,,
SSUP-HRI,Oct-12-astor-place-19,139,813,Test,1,0,0,0,1,,,
SSUP-HRI,Oct-12-astor-place-19,140,814,Test,1,0,0,0,1,,,
SSUP-HRI,Oct-12-astor-place-19,141,815,Test,1,0,0,0,1,,,
SSUP-HRI,Oct-12-astor-place-19,142,816,Test,1,0,0,0,1,,,
SSUP-HRI,Oct-12-astor-place-19,143,817,Test,1,0,0,0,1,,,
SSUP-HRI,Oct-12-astor-place-19,144,818,Test,1,0,0,0,1,,,
SSUP-HRI,Oct-12-astor-place-19,145,819,Test,1,0,0,0,1,,,
SSUP-HRI,Oct-12-astor-place-19,146,820,Test,1,0,0,0,1,,,
SSUP-HRI,Oct-12-astor-place-19,147,821,Test,1,0,0,0,1,,,
SSUP-HRI,Oct-12-astor-place-19,148,822,Test,1,0,0,0,1,,,
SSUP-HRI,Oct-12-astor-place-19,149,823,Test,1,5,1,4,0,0.6276172204022574,,
SSUP-HRI,Oct-12-astor-place-19,150,824,Test,1,5,1,4,0,0.6267828493039962,,
SSUP-HRI,Oct-12-astor-place-19,151,825,Test,1,3,1,2,0,0.6052053594393003,,
SSUP-HRI,Oct-12-astor-place-19,152,826,Test,1,3,1,2,0,0.6209768216811105,,
SSUP-HRI,Oct-12-astor-place-19,153,827,Test,1,3,1,2,0,0.6288097040572667,,
SSUP-HRI,Oct-12-astor-place-19,154,828,Test,1,3,1,2,0,0.6795162946967246,,
SSUP-HRI,Oct-12-astor-place-19,155,829,Test,1,3,1,2,0,0.6713117221391359,,
SSUP-HRI,Oct-12-astor-place-19,156,830,Test,1,5,1,4,0,0.6360534515711647,,
SSUP-HRI,Oct-12-astor-place-19,157,831,Test,1,3,1,2,0,0.6672226508916328,,
SSUP-HRI,Oct-12-astor-place-19,158,832,Test,1,5,1,4,0,0.6748285148708598,,
SSUP-HRI,Oct-12-astor-place-19,159,833,Test,1,3,1,2,0,0.716007923765295,,
SSUP-HRI,Oct-12-astor-place-19,160,834,Test,1,5,1,4,0,0.6741694437339417,,
SSUP-HRI,Oct-12-astor-place-19,161,835,Test,1,0,0,0,1,,,
SSUP-HRI,Oct-12-astor-place-19,162,836,Test,1,5,1,4,0,0.6358930791323734,,
SSUP-HRI,Oct-12-astor-place-19,163,837,Test,1,5,1,4,0,0.7087192429698217,,
SSUP-HRI,Oct-12-astor-place-19,164,838,Test,1,0,0,0,1,,,
SSUP-HRI,Oct-12-astor-place-19,165,839,Test,1,0,0,0,1,,,
SSUP-HRI,Oct-12-astor-place-19,166,840,Test,1,5,1,4,0,0.6955044893378226,,
SSUP-HRI,Oct-12-astor-place-19,167,841,Test,1,0,0,0,1,,,
SSUP-HRI,Oct-12-astor-place-19,168,842,Test,1,0,0,0,1,,,
SSUP-HRI,Oct-12-astor-place-19,169,843,Test,1,0,0,0,1,,,
SSUP-HRI,Oct-12-astor-place-19,170,844,Test,1,0,0,0,1,,,
SSUP-HRI,Oct-12-astor-place-19,171,845,Test,1,5,1,4,0,0.7274905774323096,,
SSUP-HRI,Oct-12-astor-place-19,172,846,Test,1,5,1,4,0,0.7255300345030165,,
SSUP-HRI,Oct-12-astor-place-19,173,847,Test,1,5,1,4,0,0.7260258586296999,,
SSUP-HRI,Oct-12-astor-place-19,174,848,Test,1,5,1,4,0,0.710612329015446,,
SSUP-HRI,Oct-12-astor-place-19,175,849,Test,1,5,1,4,0,0.7234880817725875,,
SSUP-HRI,Oct-12-astor-place-19,176,850,Test,1,3,1,2,0,0.7376195284368566,,
SSUP-HRI,Oct-12-astor-place-19,177,851,Test,1,5,1,4,0,0.7240256580562574,,
SSUP-HRI,Oct-12-astor-place-19,178,852,Test,1,5,1,4,0,0.720817202515608,,
SSUP-HRI,Oct-12-astor-place-19,179,853,Test,1,5,1,4,0,0.7303222467522967,,
SSUP-HRI,Oct-12-astor-place-19,180,854,Test,1,5,1,4,0,0.7328618472168643,,
SSUP-HRI,Oct-12-astor-place-19,181,855,Test,1,5,1,4,0,0.7342048320752341,,
SSUP-HRI,Oct-12-astor-place-19,182,856,Test,1,5,1,4,0,0.7473178120754047,,
SSUP-HRI,Oct-12-astor-place-19,183,857,Test,1,0,0,0,1,,,
SSUP-HRI,Oct-12-astor-place-19,184,858,Test,1,5,1,4,0,0.7319360117133916,,
SSUP-HRI,Oct-12-astor-place-19,185,859,Test,1,0,0,0,1,,,
SSUP-HRI,Oct-12-astor-place-19,186,860,Test,1,5,1,4,0,0.7397525427687046,,
SSUP-HRI,Oct-12-astor-place-19,187,861,Test,1,5,1,4,0,0.7457448008205446,,
SSUP-HRI,Oct-12-astor-place-19,188,862,Test,1,5,1,4,0,0.7514075583347625,,
SSUP-HRI,Oct-12-astor-place-19,189,863,Test,1,5,1,4,0,0.7665329355763577,,
SSUP-HRI,Oct-12-astor-place-19,190,864,Test,1,5,1,4,0,0.7704490991854501,,
SSUP-HRI,Oct-12-astor-place-19,191,865,Test,1,5,1,4,0,0.7567613795176112,,
SSUP-HRI,Oct-12-astor-place-19,192,866,Test,1,5,1,4,0,0.7726958789198989,,
SSUP-HRI,Oct-12-astor-place-19,193,867,Test,1,5,1,4,0,0.8220030718611688,,
SSUP-HRI,Oct-12-astor-place-19,194,868,Test,1,5,1,4,0,0.8253424178895872,,
SSUP-HRI,Oct-12-astor-place-19,195,869,Test,1,0,0,0,1,,,
SSUP-HRI,Oct-12-astor-place-19,196,870,Test,1,5,1,4,0,0.8468612729721823,,
SSUP-HRI,Oct-12-astor-place-19,197,871,Test,1,0,0,0,1,,,
SSUP-HRI,Oct-12-astor-place-19,198,872,Test,1,5,1,4,0,0.7800820447841513,,
SSUP-HRI,Oct-12-astor-place-19,199,873,Test,1,0,0,0,1,,,
SSUP-HRI,Oct-12-astor-place-19,200,874,Test,1,5,1,4,0,0.7372276501381344,,
SSUP-HRI,Oct-12-astor-place-19,201,875,Test,1,5,1,4,0,0.6939527179157433,,
SSUP-HRI,Oct-12-astor-place-19,202,876,Test,1,5,1,4,0,0.7043188093674655,,
SSUP-HRI,Oct-12-astor-place-19,203,877,Test,1,5,1,4,0,0.695087998105213,,
SSUP-HRI,Oct-12-astor-place-19,204,878,Test,1,5,1,4,0,0.6962256599826523,,
SSUP-HRI,Oct-12-astor-place-19,205,879,Test,1,0,0,0,1,,,
SSUP-HRI,Oct-12-astor-place-19,206,880,Test,1,5,1,4,0,0.7028292101468829,,
SSUP-HRI,Oct-12-astor-place-19,207,881,Test,1,5,1,4,0,0.7086809649917615,,
SSUP-HRI,Oct-12-astor-place-19,208,882,Test,1,0,0,0,1,,,
SSUP-HRI,Oct-12-astor-place-19,209,883,Test,1,5,1,4,0,0.784908212559012,,
SSUP-HRI,Oct-12-astor-place-19,210,884,Test,1,5,1,4,0,0.7476435919738517,,
SSUP-HRI,Oct-12-astor-place-19,211,885,Test,1,5,1,4,0,0.7464137229212967,,
SSUP-HRI,Oct-12-astor-place-19,212,886,Test,1,5,1,4,0,0.7063795278585655,,
SSUP-HRI,Oct-12-astor-place-19,213,887,Test,1,5,1,4,0,0.7624090026865662,,
SSUP-HRI,Oct-12-astor-place-19,214,888,Test,1,0,0,0,1,,,
SSUP-HRI,Oct-12-astor-place-19,215,889,Test,1,0,0,0,1,,,
SSUP-HRI,Oct-12-astor-place-19,216,890,Test,1,5,1,4,0,0.7287061123902422,,
SSUP-HRI,Oct-12-astor-place-19,217,891,Test,1,0,0,0,1,,,
SSUP-HRI,Oct-12-astor-place-19,218,892,Test,1,5,1,4,0,0.715191948886036,,
SSUP-HRI,Oct-12-astor-place-19,219,893,Test,1,5,1,4,0,0.7203104332010584,,
SSUP-HRI,Oct-12-astor-place-19,220,894,Test,1,3,1,2,0,0.7219915629012023,,
SSUP-HRI,Oct-12-astor-place-19,221,895,Test,1,3,1,2,0,0.7197416967365651,,
SSUP-HRI,Oct-12-astor-place-19,222,896,Test,1,5,1,4,0,0.7343724478164588,,
SSUP-HRI,Oct-12-astor-place-19,223,897,Test,1,3,1,2,0,0.7153797345100197,,
SSUP-HRI,Oct-12-astor-place-19,224,898,Test,1,3,1,2,0,0.7573800097478844,,
SSUP-HRI,Oct-12-astor-place-19,225,899,Test,1,3,1,2,0,0.7717491086271591,,
SSUP-HRI,Oct-12-astor-place-19,226,900,Test,1,3,1,2,0,0.7808857332971704,,
SSUP-HRI,Oct-12-astor-place-19,227,901,Test,1,3,1,2,0,0.7712738595800664,,
SSUP-HRI,Oct-12-astor-place-19,228,902,Test,1,3,1,2,0,0.7308361391694727,,
SSUP-HRI,Oct-12-astor-place-19,229,903,Test,1,3,1,2,0,0.7325110662206271,,
SSUP-HRI,Oct-12-astor-place-19,230,904,Test,1,3,1,2,0,0.7457159170681842,,
SSUP-HRI,Oct-12-astor-place-19,231,905,Test,1,3,1,2,0,0.7141112171901173,,
SSUP-HRI,Oct-12-astor-place-19,232,906,Test,1,5,1,4,0,0.7017639045074717,,
SSUP-HRI,Oct-12-astor-place-19,233,907,Test,1,3,1,2,0,0.7148139978213509,,
SSUP-HRI,Oct-12-astor-place-19,234,908,Test,1,0,0,0,1,,,
SSUP-HRI,Oct-12-astor-place-19,235,909,Test,1,0,0,0,1,,,
SSUP-HRI,Oct-12-astor-place-19,236,910,Test,1,0,0,0,1,,,
SSUP-HRI,Oct-12-astor-place-19,237,911,Test,1,0,0,0,1,,,
SSUP-HRI,Oct-12-astor-place-19,238,912,Test,1,0,0,0,1,,,
SSUP-HRI,Oct-12-astor-place-19,239,913,Test,1,0,0,0,1,,,
SSUP-HRI,Oct-12-astor-place-19,240,914,Test,1,0,0,0,1,,,
SSUP-HRI,Oct-12-astor-place-19,241,915,Test,1,0,0,0,1,,,
SSUP-HRI,Oct-12-astor-place-19,242,916,Test,1,0,0,0,1,,,
SSUP-HRI,Oct-12-astor-place-19,243,917,Test,1,5,1,4,0,0.7096479098583877,,
SSUP-HRI,Oct-12-astor-place-19,244,918,Test,1,0,0,0,1,,,
SSUP-HRI,Oct-12-astor-place-19,245,919,Test,1,0,0,0,1,,,
SSUP-HRI,Oct-12-astor-place-19,246,920,Test,1,0,0,0,1,,,
SSUP-HRI,Oct-12-astor-place-19,247,921,Test,1,0,0,0,1,,,
SSUP-HRI,Oct-12-astor-place-19,248,922,Test,1,0,0,0,1,,,
SSUP-HRI,Oct-12-astor-place-19,249,923,Test,1,0,0,0,1,,,
SSUP-HRI,Oct-12-astor-place-19,250,924,Test,1,0,0,0,1,,,
SSUP-HRI,Oct-12-astor-place-19,251,925,Test,1,5,1,4,0,0.7139654688928904,,
SSUP-HRI,Oct-12-astor-place-19,252,926,Test,1,0,0,0,1,,,
SSUP-HRI,Oct-12-astor-place-19,253,927,Test,1,5,1,4,0,0.755805849743602,,
SSUP-HRI,Oct-12-astor-place-19,254,928,Test,1,0,0,0,1,,,
SSUP-HRI,Oct-12-astor-place-19,255,929,Test,1,5,1,4,0,0.7546167403198654,,
SSUP-HRI,Oct-12-astor-place-19,256,930,Test,1,5,1,4,0,0.7830140300233648,,
SSUP-HRI,Oct-12-astor-place-19,257,931,Test,1,5,1,4,0,0.7880209512465175,,
SSUP-HRI,Oct-12-astor-place-19,258,932,Test,1,5,1,4,0,0.7852389762672657,,
SSUP-HRI,Oct-12-astor-place-19,259,933,Test,1,5,1,4,0,0.7785238582239417,,
SSUP-HRI,Oct-12-astor-place-19,260,934,Test,1,5,1,4,0,0.7876644058609823,,
SSUP-HRI,Oct-12-astor-place-19,261,935,Test,1,5,1,4,0,0.7252516122216669,,
SSUP-HRI,Oct-12-astor-place-19,262,936,Test,1,5,1,4,0,0.7310743525300644,,
SSUP-HRI,Oct-12-astor-place-19,263,937,Test,1,5,1,4,0,0.7117633353880278,,
SSUP-HRI,Oct-12-astor-place-19,264,938,Test,1,5,1,4,0,0.7085562838765677,,
SSUP-HRI,Oct-12-astor-place-19,265,939,Test,1,3,1,2,0,0.7025630221972815,,
SSUP-HRI,Oct-12-astor-place-19,266,940,Test,1,0,0,0,1,,,
SSUP-HRI,Oct-12-astor-place-19,267,941,Test,1,3,1,2,0,0.7475153961608015,,
SSUP-HRI,Oct-12-astor-place-19,268,942,Test,1,3,1,2,0,0.7482753743513363,,
SSUP-HRI,Oct-12-astor-place-19,269,943,Test,1,0,0,0,1,,,
SSUP-HRI,Oct-12-astor-place-19,270,944,Test,1,3,1,2,0,0.7528835382921919,,
SSUP-HRI,Oct-12-astor-place-19,271,945,Test,1,0,0,0,1,,,
SSUP-HRI,Oct-12-astor-place-19,272,946,Test,1,3,1,2,0,0.7566751862983421,,
SSUP-HRI,Oct-12-astor-place-19,273,947,Test,1,5,1,4,0,0.7560706134497492,,
SSUP-HRI,Oct-12-astor-place-19,274,948,Test,1,0,0,0,1,,,
SSUP-HRI,Oct-12-astor-place-19,275,949,Test,1,0,0,0,1,,,
SSUP-HRI,Oct-12-astor-place-19,276,950,Test,1,0,0,0,1,,,
SSUP-HRI,Oct-12-astor-place-19,277,951,Test,1,0,0,0,1,,,
SSUP-HRI,Oct-12-astor-place-19,278,952,Test,1,0,0,0,1,,,
SSUP-HRI,Oct-12-astor-place-19,279,953,Test,1,0,0,0,1,,,
SSUP-HRI,Oct-12-astor-place-19,280,954,Test,1,0,0,0,1,,,
SSUP-HRI,Oct-12-astor-place-19,281,955,Test,1,0,0,0,1,,,
SSUP-HRI,Oct-12-astor-place-19,282,956,Test,1,0,0,0,1,,,
SSUP-HRI,Oct-12-astor-place-19,283,957,Test,1,0,0,0,1,,,
SSUP-HRI,Oct-12-astor-place-19,284,958,Test,1,5,1,4,0,0.7398522351350991,,
SSUP-HRI,Oct-12-astor-place-19,285,959,Test,1,0,0,0,1,,,
SSUP-HRI,Oct-12-astor-place-19,286,960,Test,1,0,0,0,1,,,
SSUP-HRI,Oct-12-astor-place-19,287,961,Test,1,0,0,0,1,,,
SSUP-HRI,Oct-12-astor-place-19,288,962,Test,1,0,0,0,1,,,
SSUP-HRI,Oct-12-astor-place-19,289,963,Test,1,0,0,0,1,,,
SSUP-HRI,Oct-12-astor-place-19,290,964,Test,1,0,0,0,1,,,
SSUP-HRI,Oct-12-astor-place-19,291,965,Test,1,0,0,0,1,,,
SSUP-HRI,Oct-12-astor-place-19,292,966,Test,1,0,0,0,1,,,
SSUP-HRI,Oct-12-astor-place-19,293,967,Test,1,0,0,0,1,,,
SSUP-HRI,Oct-12-astor-place-19,294,968,Test,1,0,0,0,1,,,
SSUP-HRI,Oct-12-astor-place-19,295,969,Test,1,0,0,0,1,,,
SSUP-HRI,Oct-12-astor-place-19,296,970,Test,1,0,0,0,1,,,
SSUP-HRI,Oct-12-astor-place-19,297,971,Test,1,0,0,0,1,,,
SSUP-HRI,Oct-12-astor-place-19,298,972,Test,1,0,0,0,1,,,
SSUP-HRI,Oct-12-astor-place-19,299,973,Test,1,0,0,0,1,,,
SSUP-HRI,Oct-12-astor-place-19,300,974,Test,1,0,0,0,1,,,
SSUP-HRI,Oct-12-astor-place-19,301,975,Test,1,0,0,0,1,,,
SSUP-HRI,Oct-12-astor-place-19,302,976,Test,1,0,0,0,1,,,
SSUP-HRI,Oct-12-astor-place-19,303,977,Test,1,0,0,0,1,,,
SSUP-HRI,Oct-12-astor-place-19,304,978,Test,1,0,0,0,1,,,
SSUP-HRI,Oct-12-astor-place-19,305,979,Test,1,0,0,0,1,,,
SSUP-HRI,Oct-12-astor-place-19,306,980,Test,1,0,0,0,1,,,
SSUP-HRI,Oct-12-astor-place-19,307,981,Test,1,0,0,0,1,,,
SSUP-HRI,Oct-12-astor-place-19,308,982,Test,1,0,0,0,1,,,
SSUP-HRI,Oct-12-astor-place-19,309,983,Test,1,0,0,0,1,,,
SSUP-HRI,Oct-12-astor-place-19,310,984,Test,1,0,0,0,1,,,
SSUP-HRI,Oct-12-astor-place-19,311,985,Test,1,0,0,0,1,,,
SSUP-HRI,Oct-12-astor-place-19,312,986,Test,1,0,0,0,1,,,
SSUP-HRI,Oct-12-astor-place-19,313,987,Test,1,0,0,0,1,,,
SSUP-HRI,Oct-12-astor-place-19,314,988,Test,1,0,0,0,1,,,
SSUP-HRI,Oct-12-astor-place-19,315,989,Test,1,5,1,4,0,0.7925347594272689,,
SSUP-HRI,Oct-12-astor-place-19,316,990,Test,1,0,0,0,1,,,
SSUP-HRI,Oct-12-astor-place-19,317,991,Test,1,4,1,3,0,0.8389176189771733,,
SSUP-HRI,Oct-12-astor-place-19,318,992,Test,1,4,1,3,0,0.8293882746434451,,
SSUP-HRI,Oct-12-astor-place-19,319,993,Test,1,4,1,3,0,0.8155911985695741,,
SSUP-HRI,Oct-12-astor-place-19,320,994,Test,1,4,1,3,0,0.8224068470139053,,
SSUP-HRI,Oct-12-astor-place-19,321,995,Test,1,4,1,3,0,0.8315719715891053,,
SSUP-HRI,Oct-12-astor-place-19,322,996,Test,1,0,0,0,1,,,
SSUP-HRI,Oct-12-astor-place-19,323,997,Test,1,0,0,0,1,,,
SSUP-HRI,Oct-12-astor-place-19,324,998,Test,1,4,1,3,0,0.8540122924309093,,
SSUP-HRI,Oct-12-astor-place-19,325,999,Test,1,0,0,0,1,,,
SSUP-HRI,Oct-12-astor-place-19,326,1000,Test,1,0,0,0,1,,,
SSUP-HRI,Oct-12-astor-place-19,327,1001,Test,1,4,1,3,0,0.8532944277039471,,
SSUP-HRI,Oct-12-astor-place-19,328,1002,Test,1,4,1,3,0,0.7941371026961764,,
SSUP-HRI,Oct-12-astor-place-19,329,1003,Test,1,0,0,0,1,,,
SSUP-HRI,Oct-12-astor-place-19,330,1004,Test,1,4,1,3,0,0.7756715825540537,,
SSUP-HRI,Oct-12-astor-place-19,331,1005,Test,1,0,0,0,1,,,
SSUP-HRI,Oct-12-astor-place-19,332,1006,Test,1,4,1,3,0,0.7482127243875051,,
SSUP-HRI,Oct-12-astor-place-19,333,1007,Test,1,4,1,3,0,0.7039001098855351,,
SSUP-HRI,Oct-12-astor-place-19,334,1008,Test,1,4,1,3,0,0.7424582164463744,,
SSUP-HRI,Oct-12-astor-place-19,335,1009,Test,1,4,1,3,0,0.7273039921104392,,
SSUP-HRI,Oct-12-astor-place-19,336,1010,Test,1,0,0,0,1,,,
SSUP-HRI,Oct-12-astor-place-19,337,1011,Test,1,4,1,3,0,0.7538160443608749,,
SSUP-HRI,Oct-12-astor-place-19,338,1012,Test,1,4,1,3,0,0.7291639189670404,,
SSUP-HRI,Oct-12-astor-place-19,339,1013,Test,1,5,1,4,0,0.7466350233837982,,
SSUP-HRI,Oct-12-astor-place-19,340,1014,Test,1,5,1,4,0,0.7366569841250256,,
SSUP-HRI,Oct-12-astor-place-19,341,1015,Test,1,5,1,4,0,0.746248006324391,,
SSUP-HRI,Oct-12-astor-place-19,342,1016,Test,1,5,1,4,0,0.7528911228997158,,
SSUP-HRI,Oct-12-astor-place-19,343,1017,Test,1,4,1,3,0,0.7564324380477396,,
SSUP-HRI,Oct-12-astor-place-19,344,1018,Test,1,0,0,0,1,,,
SSUP-HRI,Oct-12-astor-place-19,345,1019,Test,1,4,1,3,0,0.7747481208768081,,
SSUP-HRI,Oct-12-astor-place-19,346,1020,Test,1,4,1,3,0,0.7762745964630624,,
SSUP-HRI,Oct-12-astor-place-19,347,1021,Test,1,3,1,2,0,0.7870657069830247,,
SSUP-HRI,Oct-12-astor-place-19,348,1022,Test,1,3,1,2,0,0.8109319322344614,,
SSUP-HRI,Oct-12-astor-place-19,349,1023,Test,1,3,1,2,0,0.7926657799882457,,
SSUP-HRI,Oct-12-astor-place-19,350,1024,Test,1,3,1,2,0,0.7619088469884256,,
SSUP-HRI,Oct-12-astor-place-19,351,1025,Test,1,3,1,2,0,0.7676737565408753,,
SSUP-HRI,Oct-12-astor-place-19,352,1026,Test,1,3,1,2,0,0.7646711366728844,,
SSUP-HRI,Oct-12-astor-place-19,353,1027,Test,1,3,1,2,0,0.7682854307164075,,
SSUP-HRI,Oct-12-astor-place-19,354,1028,Test,1,3,1,2,0,0.8141466909374441,,
SSUP-HRI,Oct-12-astor-place-19,355,1029,Test,1,3,1,2,0,0.8058023348380599,,
SSUP-HRI,Oct-12-astor-place-19,356,1030,Test,1,3,1,2,0,0.7976635319388747,,
SSUP-HRI,Oct-12-astor-place-19,357,1031,Test,1,3,1,2,0,0.8504604342767507,,
SSUP-HRI,Oct-12-astor-place-19,358,1032,Test,1,3,1,2,0,0.7974825329288995,,
SSUP-HRI,Oct-12-astor-place-19,359,1033,Test,1,3,1,2,0,0.8415836150067496,,
SSUP-HRI,Oct-12-astor-place-19,360,1034,Test,1,3,1,2,0,0.8660116269587926,,
SSUP-HRI,Oct-12-astor-place-19,361,1035,Test,1,3,1,2,0,0.881167392801632,,
SSUP-HRI,Oct-12-astor-place-19,362,1036,Test,1,3,1,2,0,0.8136340743494482,,
SSUP-HRI,Oct-12-astor-place-19,363,1037,Test,1,3,1,2,0,0.8210969351537367,,
SSUP-HRI,Oct-12-astor-place-19,364,1038,Test,1,3,1,2,0,0.8490718910470159,,
SSUP-HRI,Oct-12-astor-place-19,365,1039,Test,1,3,1,2,0,0.9150015174722022,,
SSUP-HRI,Oct-12-astor-place-19,366,1040,Test,1,3,1,2,0,0.9295557474972328,,
SSUP-HRI,Oct-12-astor-place-19,367,1041,Test,1,3,1,2,0,0.8950819803627914,,
SSUP-HRI,Oct-12-astor-place-19,368,1042,Test,1,3,1,2,0,0.8883460255487866,,
SSUP-HRI,Oct-12-astor-place-19,369,1043,Test,1,3,1,2,0,0.7760992513482473,,
SSUP-HRI,Oct-12-astor-place-19,370,1044,Test,1,3,1,2,0,0.7790946557964816,,
SSUP-HRI,Oct-12-astor-place-19,371,1045,Test,1,3,1,2,0,0.7727504633861374,,
SSUP-HRI,Oct-12-astor-place-19,372,1046,Test,1,3,1,2,0,0.8085575957238186,,
SSUP-HRI,Oct-12-astor-place-19,373,1047,Test,1,3,1,2,0,0.7724705326511073,,
SSUP-HRI,Oct-12-astor-place-19,374,1048,Test,1,3,1,2,0,0.817031938260385,,
SSUP-HRI,Oct-12-astor-place-19,375,1049,Test,1,3,1,2,0,0.7684653609819205,,
SSUP-HRI,Oct-12-astor-place-19,376,1050,Test,1,3,1,2,0,0.7907323946846024,,
SSUP-HRI,Oct-12-astor-place-19,377,1051,Test,1,3,1,2,0,0.7598007711128599,,
SSUP-HRI,Oct-12-astor-place-19,378,1052,Test,1,0,0,0,1,,,
SSUP-HRI,Oct-12-astor-place-19,379,1053,Test,1,0,0,0,1,,,
SSUP-HRI,Oct-12-astor-place-19,380,1054,Test,1,0,0,0,1,,,
SSUP-HRI,Oct-12-astor-place-19,381,1055,Test,1,0,0,0,1,,,
SSUP-HRI,Oct-12-astor-place-19,382,1056,Test,1,3,1,2,0,0.7914427467349683,,
SSUP-HRI,Oct-12-astor-place-19,383,1057,Test,1,0,0,0,1,,,
SSUP-HRI,Oct-12-astor-place-19,384,1058,Test,1,0,0,0,1,,,
SSUP-HRI,Oct-12-astor-place-19,385,1059,Test,1,0,0,0,1,,,
SSUP-HRI,Oct-12-astor-place-19,386,1060,Test,1,0,0,0,1,,,
SSUP-HRI,Oct-12-astor-place-19,387,1061,Test,1,0,0,0,1,,,
SSUP-HRI,Oct-12-astor-place-19,388,1062,Test,1,0,0,0,1,,,
SSUP-HRI,Oct-12-astor-place-19,389,1063,Test,1,0,0,0,1,,,
SSUP-HRI,Oct-12-astor-place-19,390,1064,Test,1,0,0,0,1,,,
SSUP-HRI,Oct-12-astor-place-19,391,1065,Test,1,0,0,0,1,,,
SSUP-HRI,Oct-12-astor-place-19,392,1066,Test,1,3,1,2,0,0.7730334490771182,,
SSUP-HRI,Oct-12-astor-place-19,393,1067,Test,1,0,0,0,1,,,
SSUP-HRI,Oct-12-astor-place-19,394,1068,Test,1,0,0,0,1,,,
SSUP-HRI,Oct-12-astor-place-19,395,1069,Test,1,0,0,0,1,,,
SSUP-HRI,Oct-12-astor-place-19,396,1070,Test,1,0,0,0,1,,,
SSUP-HRI,Oct-12-astor-place-19,397,1071,Test,1,3,1,2,0,0.7320401213176505,,
SSUP-HRI,Oct-12-astor-place-19,398,1072,Test,1,0,0,0,1,,,
SSUP-HRI,Oct-12-astor-place-19,399,1073,Test,1,3,1,2,0,0.7764123678316992,,
SSUP-HRI,Oct-12-astor-place-19,400,1074,Test,1,0,0,0,1,,,
SSUP-HRI,Oct-12-astor-place-19,401,1075,Test,1,0,0,0,1,,,
SSUP-HRI,Oct-12-astor-place-19,402,1076,Test,1,0,0,0,1,,,
SSUP-HRI,Oct-12-astor-place-19,403,1077,Test,1,0,0,0,1,,,
SSUP-HRI,Oct-12-astor-place-19,404,1078,Test,1,0,0,0,1,,,
SSUP-HRI,Oct-12-astor-place-19,405,1079,Test,1,0,0,0,1,,,
SSUP-HRI,Oct-12-astor-place-19,406,1080,Test,1,0,0,0,1,,,
SSUP-HRI,Oct-12-astor-place-19,407,1081,Test,1,0,0,0,1,,,
SSUP-HRI,Oct-12-astor-place-19,408,1082,Test,1,5,1,4,0,0.7234183488308222,,
SSUP-HRI,Oct-12-astor-place-19,409,1083,Test,1,3,1,2,0,0.7667293249495343,,
SSUP-HRI,Oct-12-astor-place-19,410,1084,Test,1,0,0,0,1,,,
SSUP-HRI,Oct-12-astor-place-19,411,1085,Test,1,3,1,2,0,0.8312288029052781,,
SSUP-HRI,Oct-12-astor-place-19,412,1086,Test,1,0,0,0,1,,,
SSUP-HRI,Oct-12-astor-place-19,413,1087,Test,1,5,1,4,0,0.8006995442733364,,
SSUP-HRI,Oct-12-astor-place-19,414,1088,Test,1,0,0,0,1,,,
SSUP-HRI,Oct-12-astor-place-19,415,1089,Test,1,5,1,4,0,0.8108965853286559,,
SSUP-HRI,Oct-12-astor-place-19,416,1090,Test,1,0,0,0,1,,,
SSUP-HRI,Oct-12-astor-place-19,417,1091,Test,1,3,1,2,0,0.8196676569682015,,
SSUP-HRI,Oct-12-astor-place-19,418,1092,Test,1,0,0,0,1,,,
SSUP-HRI,Oct-12-astor-place-19,419,1093,Test,1,0,0,0,1,,,
SSUP-HRI,Oct-12-astor-place-19,420,1094,Test,1,0,0,0,1,,,
SSUP-HRI,Oct-12-astor-place-19,421,1095,Test,1,0,0,0,1,,,
SSUP-HRI,Oct-12-astor-place-19,422,1096,Test,1,0,0,0,1,,,
SSUP-HRI,Oct-12-astor-place-19,423,1097,Test,1,3,1,2,0,0.7355116758267618,,
SSUP-HRI,Oct-12-astor-place-19,424,1098,Test,1,0,0,0,1,,,
SSUP-HRI,Oct-12-astor-place-19,425,1099,Test,1,3,1,2,0,0.7502690754331234,,
SSUP-HRI,Oct-12-astor-place-19,426,1100,Test,1,3,1,2,0,0.7195668233741899,,
SSUP-HRI,Oct-12-astor-place-19,427,1101,Test,1,3,1,2,0,0.7173729943756043,,
SSUP-HRI,Oct-12-astor-place-19,428,1102,Test,1,3,1,2,0,0.7270867360953581,,
SSUP-HRI,Oct-12-astor-place-19,429,1103,Test,1,3,1,2,0,0.7526696822910595,,
SSUP-HRI,Oct-12-astor-place-19,430,1104,Test,1,3,1,2,0,0.7037886669740144,,
SSUP-HRI,Oct-12-astor-place-19,431,1105,Test,1,3,1,2,0,0.6782416326507932,,
SSUP-HRI,Oct-12-astor-place-19,432,1106,Test,1,3,1,2,0,0.6586726526612015,,
SSUP-HRI,Oct-12-astor-place-19,433,1107,Test,1,3,1,2,0,0.6743333291986969,,
SSUP-HRI,Oct-12-astor-place-19,434,1108,Test,1,3,1,2,0,0.6478092301834623,,
SSUP-HRI,Oct-12-astor-place-19,435,1109,Test,1,3,1,2,0,0.6215283236453824,,
SSUP-HRI,Oct-12-astor-place-19,436,1110,Test,1,3,1,2,0,0.5706123758934797,,
SSUP-HRI,Oct-12-astor-place-19,437,1111,Test,1,3,1,2,0,0.6357696017789971,,
SSUP-HRI,Oct-12-astor-place-19,438,1112,Test,1,3,1,2,0,0.64935135601974,,
SSUP-HRI,Oct-12-astor-place-19,439,1113,Test,1,3,1,2,0,0.6298293135480816,,
SSUP-HRI,Oct-12-astor-place-19,440,1114,Test,1,3,1,2,0,0.6098465905076281,,
SSUP-HRI,Oct-12-astor-place-19,441,1115,Test,1,3,1,2,0,0.7185294791542587,,
SSUP-HRI,Oct-12-astor-place-19,442,1116,Test,1,3,1,2,0,0.8180950493216509,,
SSUP-HRI,Oct-12-astor-place-19,443,1117,Test,1,3,1,2,0,0.7917934894350603,,
SSUP-HRI,Oct-12-astor-place-19,444,1118,Test,1,3,1,2,0,0.7369294441733777,,
SSUP-HRI,Oct-12-astor-place-19,445,1119,Test,1,3,1,2,0,0.8726597590780292,,
SSUP-HRI,Oct-12-astor-place-19,446,1120,Test,1,3,1,2,0,0.8942891115933052,,
SSUP-HRI,Oct-12-astor-place-19,447,1121,Test,1,3,1,2,0,0.8458780886071022,,
SSUP-HRI,Oct-12-astor-place-19,448,1122,Test,1,3,1,2,0,0.8127795859185846,,
SSUP-HRI,Oct-12-astor-place-19,449,1123,Test,1,3,1,2,0,0.772009291381098,,
SSUP-HRI,Oct-12-astor-place-19,450,1124,Test,1,3,1,2,0,0.6554313526380157,,
SSUP-HRI,Oct-12-astor-place-19,451,1125,Test,1,3,1,2,0,0.6579751466610387,,
SSUP-HRI,Oct-12-astor-place-19,452,1126,Test,1,3,1,2,0,0.6516129605918337,,
SSUP-HRI,Oct-12-astor-place-19,453,1127,Test,1,3,1,2,0,0.63082564758895,,
SSUP-HRI,Oct-12-astor-place-19,454,1128,Test,1,3,1,2,0,0.6370145318930045,,
SSUP-HRI,Oct-12-astor-place-19,455,1129,Test,1,3,1,2,0,0.6732709182246698,,
SSUP-HRI,Oct-12-astor-place-19,456,1130,Test,1,3,1,2,0,0.6657304161563307,,
SSUP-HRI,Oct-12-astor-place-19,457,1131,Test,1,3,1,2,0,0.6345324519292364,,
SSUP-HRI,Oct-12-astor-place-19,458,1132,Test,1,3,1,2,0,0.6940800443672839,,
SSUP-HRI,Oct-12-astor-place-19,459,1133,Test,1,3,1,2,0,0.6740885241125267,,
SSUP-HRI,Oct-12-astor-place-19,460,1134,Test,1,3,1,2,0,0.7423164204341894,,
SSUP-HRI,Oct-12-astor-place-19,461,1135,Test,1,3,1,2,0,0.7222728985931115,,
SSUP-HRI,Oct-12-astor-place-19,462,1136,Test,1,3,1,2,0,0.7240895544474882,,
SSUP-HRI,Oct-12-astor-place-19,463,1137,Test,1,3,1,2,0,0.7642835196139804,,
SSUP-HRI,Oct-12-astor-place-19,464,1138,Test,1,3,1,2,0,0.796396808314861,,
SSUP-HRI,Oct-12-astor-place-19,465,1139,Test,1,3,1,2,0,0.7744950124759059,,
SSUP-HRI,Oct-12-astor-place-19,466,1140,Test,1,3,1,2,0,0.7996947417594258,,
SSUP-HRI,Oct-12-astor-place-19,467,1141,Test,1,3,1,2,0,0.7975718428993328,,
SSUP-HRI,Oct-12-astor-place-19,468,1142,Test,1,3,1,2,0,0.8019682784304281,,
SSUP-HRI,Oct-12-astor-place-19,469,1143,Test,1,3,1,2,0,0.8131162348593909,,
SSUP-HRI,Oct-12-astor-place-19,470,1144,Test,1,3,1,2,0,0.8419138139132737,,
SSUP-HRI,Oct-12-astor-place-19,471,1145,Test,1,3,1,2,0,0.7909420011681967,,
SSUP-HRI,Oct-12-astor-place-19,472,1146,Test,1,3,1,2,0,0.7883968179204703,,
SSUP-HRI,Oct-12-astor-place-19,473,1147,Test,1,3,1,2,0,0.7820167763533307,,
SSUP-HRI,Oct-12-astor-place-19,474,1148,Test,1,3,1,2,0,0.6880736485596651,,
SSUP-HRI,Oct-12-astor-place-19,475,1149,Test,1,3,1,2,0,0.7458680913115606,,
SSUP-HRI,Oct-12-astor-place-19,476,1150,Test,1,3,1,2,0,0.7229448097969413,,
SSUP-HRI,Oct-12-astor-place-19,477,1151,Test,1,3,1,2,0,0.68538226161859,,
SSUP-HRI,Oct-12-astor-place-19,478,1152,Test,1,3,1,2,0,0.6752256312501077,,
SSUP-HRI,Oct-12-astor-place-19,479,1153,Test,1,3,1,2,0,0.6942430057312735,,
SSUP-HRI,Oct-12-astor-place-19,480,1154,Test,1,3,1,2,0,0.6820514855644496,,
SSUP-HRI,Oct-12-astor-place-19,481,1155,Test,1,3,1,2,0,0.6508688335186139,,
SSUP-HRI,Oct-12-astor-place-19,482,1156,Test,1,3,1,2,0,0.6195946322512887,,
SSUP-HRI,Oct-12-astor-place-19,483,1157,Test,1,3,1,2,0,0.6420840215503326,,
SSUP-HRI,Oct-12-astor-place-19,484,1158,Test,1,3,1,2,0,0.6503947860171614,,
SSUP-HRI,Oct-12-astor-place-19,485,1159,Test,1,3,1,2,0,0.6512365417410156,,
SSUP-HRI,Oct-12-astor-place-19,486,1160,Test,1,5,1,4,0,0.7083502849286551,,
SSUP-HRI,Oct-12-astor-place-19,487,1161,Test,1,5,1,4,0,0.7410269275766694,,
SSUP-HRI,Oct-12-astor-place-19,488,1162,Test,1,0,0,0,1,,,
SSUP-HRI,Oct-12-astor-place-19,489,1163,Test,1,5,1,4,0,0.7752802774500669,,
SSUP-HRI,Oct-12-astor-place-19,490,1164,Test,1,3,1,2,0,0.8083517300323424,,
SSUP-HRI,Oct-12-astor-place-19,491,1165,Test,1,0,0,0,1,,,
SSUP-HRI,Oct-12-astor-place-19,492,1166,Test,1,0,0,0,1,,,
SSUP-HRI,Oct-12-astor-place-19,493,1167,Test,1,5,1,4,0,0.7941107853562085,,
SSUP-HRI,Oct-12-astor-place-19,494,1168,Test,1,0,0,0,1,,,
SSUP-HRI,Oct-12-astor-place-19,495,1169,Test,1,5,1,4,0,0.860071536007755,,
SSUP-HRI,Oct-12-astor-place-19,496,1170,Test,1,0,0,0,1,,,
SSUP-HRI,Oct-12-astor-place-19,497,1171,Test,1,5,1,4,0,0.8252579660570425,,
SSUP-HRI,Oct-12-astor-place-19,498,1172,Test,1,5,1,4,0,0.9312192216183988,,
SSUP-HRI,Oct-12-astor-place-19,499,1173,Test,1,4,1,3,0,0.9479226964326976,,
SSUP-HRI,Oct-12-astor-place-19,500,1174,Test,1,4,1,3,0,0.8851542924418705,,
SSUP-HRI,Oct-12-astor-place-19,501,1175,Test,1,3,1,2,0,0.8905131743960754,,
SSUP-HRI,Oct-12-astor-place-19,502,1176,Test,1,3,1,2,0,0.8610520229337684,,
SSUP-HRI,Oct-12-astor-place-19,503,1177,Test,1,5,1,4,0,0.8471837511151843,,
SSUP-HRI,Oct-12-astor-place-19,504,1178,Test,1,3,1,2,0,0.7681845242842876,,
SSUP-HRI,Oct-12-astor-place-19,505,1179,Test,1,3,1,2,0,0.7522283956540444,,
SSUP-HRI,Oct-12-astor-place-19,506,1180,Test,1,3,1,2,0,0.7823781701396858,,
SSUP-HRI,Oct-12-astor-place-19,507,1181,Test,1,3,1,2,0,0.7875376749364277,,
SSUP-HRI,Oct-12-astor-place-19,508,1182,Test,1,3,1,2,0,0.7899198316651227,,
SSUP-HRI,Oct-12-astor-place-19,509,1183,Test,1,3,1,2,0,0.7402769806352189,,
SSUP-HRI,Oct-12-astor-place-19,510,1184,Test,1,3,1,2,0,0.7350930418678568,,
SSUP-HRI,Oct-12-astor-place-19,511,1185,Test,1,3,1,2,0,0.7380719363390369,,
SSUP-HRI,Oct-12-astor-place-19,512,1186,Test,1,3,1,2,0,0.7295889658386766,,
SSUP-HRI,Oct-12-astor-place-19,513,1187,Test,1,3,1,2,0,0.7378675777534874,,
SSUP-HRI,Oct-12-astor-place-19,514,1188,Test,1,3,1,2,0,0.7598598893502394,,
SSUP-HRI,Oct-12-astor-place-19,515,1189,Test,1,3,1,2,0,0.7519085279769152,,
SSUP-HRI,Oct-12-astor-place-19,516,1190,Test,1,3,1,2,0,0.7334414060048937,,
SSUP-HRI,Oct-12-astor-place-19,517,1191,Test,1,3,1,2,0,0.7248075988601681,,
SSUP-HRI,Oct-12-astor-place-19,518,1192,Test,1,3,1,2,0,0.7232875286414301,,
SSUP-HRI,Oct-12-astor-place-19,519,1193,Test,1,3,1,2,0,0.7572191020025105,,
SSUP-HRI,Oct-12-astor-place-19,520,1194,Test,1,3,1,2,0,0.791387692754004,,
SSUP-HRI,Oct-12-astor-place-19,521,1195,Test,1,3,1,2,0,0.8330873907210105,,
SSUP-HRI,Oct-12-astor-place-19,522,1196,Test,1,3,1,2,0,0.8723862950626337,,
SSUP-HRI,Oct-12-astor-place-19,523,1197,Test,1,3,1,2,0,0.7926808087375656,,
SSUP-HRI,Oct-12-astor-place-19,524,1198,Test,1,3,1,2,0,0.6928411956578745,,
SSUP-HRI,Oct-12-astor-place-19,525,1199,Test,1,3,1,2,0,0.6660666391459189,,
SSUP-HRI,Oct-12-astor-place-19,526,1200,Test,1,3,1,2,0,0.6076958171391867,,
SSUP-HRI,Oct-12-astor-place-19,527,1201,Test,1,3,1,2,0,0.525297198559873,,
SSUP-HRI,Oct-12-astor-place-19,528,1202,Test,1,3,0,3,1,,,
SSUP-HRI,Oct-12-astor-place-19,529,1203,Test,1,3,0,3,1,,,
SSUP-HRI,Oct-12-astor-place-19,530,1204,Test,1,3,0,3,1,,,
SSUP-HRI,Oct-12-astor-place-19,531,1205,Test,1,3,0,3,1,,,
SSUP-HRI,Oct-12-astor-place-19,532,1206,Test,1,3,1,2,0,0.5174121916644141,,
SSUP-HRI,Oct-12-astor-place-19,533,1207,Test,1,3,1,2,0,0.5772124886714409,,
SSUP-HRI,Oct-12-astor-place-19,534,1208,Test,1,3,1,2,0,0.669734143404024,,
SSUP-HRI,Oct-12-astor-place-19,535,1209,Test,1,3,1,2,0,0.7462156964707238,,
SSUP-HRI,Oct-12-astor-place-19,536,1210,Test,1,3,1,2,0,0.8191241486570773,,
SSUP-HRI,Oct-12-astor-place-19,537,1211,Test,1,3,1,2,0,0.9180464344161321,,
SSUP-HRI,Oct-12-astor-place-19,538,1212,Test,1,4,1,3,0,0.8842428125079564,,
SSUP-HRI,Oct-12-astor-place-19,539,1213,Test,1,3,1,2,0,0.8228281470549879,,
SSUP-HRI,Oct-12-astor-place-19,540,1214,Test,1,4,1,3,0,0.7522809900228801,,
SSUP-HRI,Oct-12-astor-place-19,541,1215,Test,1,4,1,3,0,0.666579728986978,,
SSUP-HRI,Oct-12-astor-place-19,542,1216,Test,1,4,1,3,0,0.6647834247632337,,
SSUP-HRI,Oct-12-astor-place-19,543,1217,Test,1,4,1,3,0,0.6207870923913041,,
SSUP-HRI,Oct-6-astor-place-22,1,136,Test,1,5,0,5,1,,,
SSUP-HRI,Oct-6-astor-place-22,2,137,Test,1,0,0,0,1,,,
SSUP-HRI,Oct-6-astor-place-22,3,138,Test,1,0,0,0,1,,,
SSUP-HRI,Oct-6-astor-place-22,4,139,Test,1,0,0,0,1,,,
SSUP-HRI,Oct-6-astor-place-22,5,140,Test,1,0,0,0,1,,,
SSUP-HRI,Oct-6-astor-place-22,6,141,Test,1,0,0,0,1,,,
SSUP-HRI,Oct-6-astor-place-22,7,142,Test,1,0,0,0,1,,,
SSUP-HRI,Oct-6-astor-place-22,8,143,Test,1,0,0,0,1,,,
SSUP-HRI,Oct-6-astor-place-22,9,144,Test,1,5,0,5,1,,,
SSUP-HRI,Oct-6-astor-place-22,10,145,Test,1,0,0,0,1,,,
SSUP-HRI,Oct-6-astor-place-22,11,146,Test,1,0,0,0,1,,,
SSUP-HRI,Oct-6-astor-place-22,12,147,Test,1,0,0,0,1,,,
SSUP-HRI,Oct-6-astor-place-22,13,149,Test,1,0,0,0,1,,,
SSUP-HRI,Oct-6-astor-place-22,14,150,Test,1,5,1,4,0,0.5069435525000613,,
SSUP-HRI,Oct-6-astor-place-22,15,151,Test,1,5,1,4,0,0.571323508953308,,
SSUP-HRI,Oct-6-astor-place-22,16,152,Test,1,5,0,5,1,,,
SSUP-HRI,Oct-6-astor-place-22,17,153,Test,1,5,1,4,0,0.5646595588405545,,
SSUP-HRI,Oct-6-astor-place-22,18,154,Test,1,5,0,5,1,,,
SSUP-HRI,Oct-6-astor-place-22,19,155,Test,1,5,1,4,0,0.5198483370761375,,
SSUP-HRI,Oct-6-astor-place-22,20,156,Test,1,5,1,4,0,0.5954838987710596,,
SSUP-HRI,Oct-6-astor-place-22,21,157,Test,1,5,1,4,0,0.6480016982030995,,
SSUP-HRI,Oct-6-astor-place-22,22,158,Test,1,0,0,0,1,,,
SSUP-HRI,Oct-6-astor-place-22,23,159,Test,1,5,1,4,0,0.623891575977428,,
SSUP-HRI,Oct-6-astor-place-22,24,160,Test,1,5,1,4,0,0.6650356152834931,,
SSUP-HRI,Oct-6-astor-place-22,25,161,Test,1,0,0,0,1,,,
SSUP-HRI,Oct-6-astor-place-22,26,162,Test,1,0,0,0,1,,,
SSUP-HRI,Oct-6-astor-place-22,27,163,Test,1,0,0,0,1,,,
SSUP-HRI,Oct-6-astor-place-22,28,164,Test,1,0,0,0,1,,,
SSUP-HRI,Oct-6-astor-place-22,29,165,Test,1,0,0,0,1,,,
SSUP-HRI,Oct-6-astor-place-22,30,166,Test,1,5,1,4,0,0.5702870884914297,,
SSUP-HRI,Oct-6-astor-place-22,31,167,Test,1,0,0,0,1,,,
SSUP-HRI,Oct-6-astor-place-22,32,168,Test,1,5,1,4,0,0.7982599347300711,,
SSUP-HRI,Oct-6-astor-place-22,33,169,Test,1,5,1,4,0,0.872860506772188,,
SSUP-HRI,Oct-6-astor-place-22,34,170,Test,1,0,0,0,1,,,
SSUP-HRI,Oct-6-astor-place-22,35,171,Test,1,5,1,4,0,0.8217777427102366,,
SSUP-HRI,Oct-6-astor-place-22,36,172,Test,1,5,1,4,0,0.766970217119003,,
SSUP-HRI,Oct-6-astor-place-22,37,173,Test,1,5,1,4,0,0.7710637067734936,,
SSUP-HRI,Oct-6-astor-place-22,38,174,Test,1,5,1,4,0,0.7633330193012554,,
SSUP-HRI,Oct-6-astor-place-22,39,175,Test,1,5,1,4,0,0.5607566359989439,,
SSUP-HRI,Oct-6-astor-place-22,40,176,Test,1,5,1,4,0,0.5467843171720376,,
SSUP-HRI,Oct-6-astor-place-22,41,177,Test,1,5,1,4,0,0.6590577593013034,,
SSUP-HRI,Oct-6-astor-place-22,42,178,Test,1,5,1,4,0,0.551019733815389,,
SSUP-HRI,Oct-6-astor-place-22,43,179,Test,1,5,1,4,0,0.6913350084388084,,
SSUP-HRI,Oct-6-astor-place-22,44,180,Test,1,5,1,4,0,0.7030364003855716,,
SSUP-HRI,Oct-6-astor-place-22,45,181,Test,1,5,1,4,0,0.7575368753404136,,
SSUP-HRI,Oct-6-astor-place-22,46,182,Test,1,5,1,4,0,0.7390148775077165,,
SSUP-HRI,Oct-6-astor-place-22,47,183,Test,1,5,1,4,0,0.7143566563460146,,
SSUP-HRI,Oct-6-astor-place-22,48,184,Test,1,5,1,4,0,0.7600870314593189,,
SSUP-HRI,Oct-6-astor-place-22,49,185,Test,1,5,1,4,0,0.7909288372297141,,
SSUP-HRI,Oct-6-astor-place-22,50,186,Test,1,5,1,4,0,0.7864170947488587,,
SSUP-HRI,Oct-6-astor-place-22,51,187,Test,1,5,1,4,0,0.685305053230982,,
SSUP-HRI,Oct-6-astor-place-22,52,188,Test,1,5,1,4,0,0.7599600728466988,,
SSUP-HRI,Oct-6-astor-place-22,53,189,Test,1,5,1,4,0,0.7943488730277167,,
SSUP-HRI,Oct-6-astor-place-22,54,190,Test,1,3,1,2,0,0.8110936064246407,,
SSUP-HRI,Oct-6-astor-place-22,55,191,Test,1,5,1,4,0,0.8189761381724303,,
SSUP-HRI,Oct-6-astor-place-22,56,192,Test,1,5,1,4,0,0.818425249214818,,
SSUP-HRI,Oct-6-astor-place-22,57,193,Test,1,3,1,2,0,0.8641388476599898,,
SSUP-HRI,Oct-6-astor-place-22,58,194,Test,1,3,1,2,0,0.773399524692247,,
SSUP-HRI,Oct-6-astor-place-22,59,195,Test,1,5,1,4,0,0.8153608217819901,,
SSUP-HRI,Oct-6-astor-place-22,60,196,Test,1,5,1,4,0,0.7854666310622153,,
SSUP-HRI,Oct-6-astor-place-22,61,197,Test,1,5,1,4,0,0.783436613622293,,
SSUP-HRI,Oct-6-astor-place-22,62,198,Test,1,3,1,2,0,0.7110279180695845,,
SSUP-HRI,Oct-6-astor-place-22,63,199,Test,1,3,1,2,0,0.7442669150528811,,
SSUP-HRI,Oct-6-astor-place-22,64,200,Test,1,3,1,2,0,0.8004570284402897,,
SSUP-HRI,Oct-6-astor-place-22,65,201,Test,1,3,1,2,0,0.7331674257455504,,
SSUP-HRI,Oct-6-astor-place-22,66,202,Test,1,5,1,4,0,0.6563318884200187,,
SSUP-HRI,Oct-6-astor-place-22,67,203,Test,1,3,1,2,0,0.6924902722663133,,
SSUP-HRI,Oct-6-astor-place-22,68,204,Test,1,3,1,2,0,0.6865984059343432,,
SSUP-HRI,Oct-6-astor-place-22,69,206,Test,1,5,1,4,0,0.7004311793530547,,
SSUP-HRI,Oct-6-astor-place-22,70,208,Test,1,3,1,2,0,0.7361694023569024,,
SSUP-HRI,Oct-6-astor-place-22,71,209,Test,1,3,1,2,0,0.7417672853284834,,
SSUP-HRI,Oct-6-astor-place-22,72,210,Test,1,3,1,2,0,0.7566049595658966,,
SSUP-HRI,Oct-6-astor-place-22,73,211,Test,1,3,1,2,0,0.6734296611546924,,
SSUP-HRI,Oct-6-astor-place-22,74,212,Test,1,3,1,2,0,0.8472806587157815,,
SSUP-HRI,Oct-6-astor-place-22,75,213,Test,1,3,1,2,0,0.8231832298136644,,
SSUP-HRI,Oct-6-astor-place-22,76,214,Test,1,3,1,2,0,0.7174228946208117,,
SSUP-HRI,Oct-6-astor-place-22,77,215,Test,1,3,1,2,0,0.835675637390991,,
SSUP-HRI,Oct-6-astor-place-22,78,216,Test,1,3,1,2,0,0.8713615865439789,,
SSUP-HRI,Oct-6-astor-place-22,79,217,Test,1,3,1,2,0,0.9285848700207786,,
SSUP-HRI,Oct-6-astor-place-22,80,218,Test,1,3,1,2,0,0.9497218595021276,,
SSUP-HRI,Oct-6-astor-place-22,81,219,Test,1,3,1,2,0,0.8138034916822052,,
SSUP-HRI,Oct-6-astor-place-22,82,220,Test,1,3,1,2,0,0.8289117540875109,,
SSUP-HRI,Oct-6-astor-place-22,83,221,Test,1,3,1,2,0,0.7478641953114078,,
SSUP-HRI,Oct-6-astor-place-22,84,222,Test,1,3,1,2,0,0.6877733224399976,,
SSUP-HRI,Oct-6-astor-place-22,85,223,Test,1,3,1,2,0,0.676322242481317,,
SSUP-HRI,Oct-6-astor-place-22,86,224,Test,1,3,1,2,0,0.7349057443604261,,
SSUP-HRI,Oct-6-astor-place-22,87,225,Test,1,5,1,4,0,0.647186957465278,,
SSUP-HRI,Oct-6-astor-place-22,88,226,Test,1,5,1,4,0,0.7861757675412072,,
SSUP-HRI,Oct-6-astor-place-22,89,227,Test,1,5,1,4,0,0.6434831224395763,,
SSUP-HRI,Oct-6-astor-place-22,90,228,Test,1,5,1,4,0,0.7333152760772708,,
SSUP-HRI,Oct-6-astor-place-22,91,229,Test,1,5,1,4,0,0.6728324526125457,,
SSUP-HRI,Oct-6-astor-place-22,92,230,Test,1,5,1,4,0,0.7279854534932662,,
SSUP-HRI,Oct-6-astor-place-22,93,231,Test,1,5,1,4,0,0.6448157442070488,,
SSUP-HRI,Oct-6-astor-place-22,94,232,Test,1,5,1,4,0,0.7066314558152298,,
SSUP-HRI,Oct-6-astor-place-22,95,233,Test,1,5,1,4,0,0.6509198188180588,,
SSUP-HRI,Oct-6-astor-place-22,96,234,Test,1,5,1,4,0,0.6223523906842376,,
SSUP-HRI,Oct-6-astor-place-22,97,235,Test,1,5,1,4,0,0.7730968769681705,,
SSUP-HRI,Oct-6-astor-place-22,98,236,Test,1,5,1,4,0,0.6714237356022591,,
SSUP-HRI,Oct-6-astor-place-22,99,237,Test,1,5,1,4,0,0.7950853993980519,,
SSUP-HRI,Oct-6-astor-place-22,100,238,Test,1,5,1,4,0,0.652689936264606,,
SSUP-HRI,Oct-6-astor-place-22,101,239,Test,1,5,1,4,0,0.8295491664160457,,
SSUP-HRI,Oct-6-astor-place-22,102,240,Test,1,5,1,4,0,0.8958122508788868,,
SSUP-HRI,Oct-6-astor-place-22,103,241,Test,1,5,1,4,0,0.7767999501841584,,
SSUP-HRI,Oct-6-astor-place-22,104,242,Test,1,5,1,4,0,0.6960991008816722,,
SSUP-HRI,Oct-6-astor-place-22,105,243,Test,1,5,1,4,0,0.7561579276841727,,
SSUP-HRI,Oct-6-astor-place-22,106,244,Test,1,5,1,4,0,0.6747368959786728,,
SSUP-HRI,Oct-6-astor-place-22,107,245,Test,1,5,1,4,0,0.5945574606184654,,
SSUP-HRI,Oct-6-astor-place-22,108,246,Test,1,5,1,4,0,0.6141504640451095,,
SSUP-HRI,Oct-6-astor-place-22,109,247,Test,1,5,0,5,1,,,
SSUP-HRI,Oct-6-astor-place-22,110,248,Test,1,5,1,4,0,0.5615418517529556,,
SSUP-HRI,Oct-6-astor-place-22,111,249,Test,1,5,1,4,0,0.6038026960507245,,
SSUP-HRI,Oct-6-astor-place-22,112,250,Test,1,3,1,2,0,0.6249433458890817,,
SSUP-HRI,Oct-6-astor-place-22,113,251,Test,1,3,1,2,0,0.6316330013722817,,
SSUP-HRI,Oct-6-astor-place-22,114,252,Test,1,5,1,4,0,0.5747911598594697,,
SSUP-HRI,Oct-6-astor-place-22,115,253,Test,1,5,1,4,0,0.6024935264972129,,
SSUP-HRI,Oct-6-astor-place-22,116,254,Test,1,5,1,4,0,0.6449542578466738,,
SSUP-HRI,Oct-6-astor-place-22,117,255,Test,1,3,0,3,1,,,
SSUP-HRI,Oct-6-astor-place-22,118,256,Test,1,3,0,3,1,,,
SSUP-HRI,Oct-6-astor-place-22,119,257,Test,1,3,1,2,0,0.7117725477086119,,
SSUP-HRI,Oct-6-astor-place-22,120,258,Test,1,3,1,2,0,0.712033437886717,,
SSUP-HRI,Oct-6-astor-place-22,121,259,Test,1,3,1,2,0,0.6062621575982536,,
SSUP-HRI,Oct-6-astor-place-22,122,260,Test,1,3,1,2,0,0.7973846872904309,,
SSUP-HRI,Oct-6-astor-place-22,123,261,Test,1,3,1,2,0,0.7067455836575465,,
SSUP-HRI,Oct-6-astor-place-22,124,262,Test,1,3,0,3,1,,,
SSUP-HRI,Oct-6-astor-place-22,125,263,Test,1,3,0,3,1,,,
SSUP-HRI,Oct-6-astor-place-22,126,264,Test,1,3,1,2,0,0.5614373446511786,,
SSUP-HRI,Oct-6-astor-place-22,127,265,Test,1,3,1,2,0,0.566163469344002,,
SSUP-HRI,Oct-6-astor-place-22,128,266,Test,1,3,1,2,0,0.677912893664556,,
SSUP-HRI,Oct-6-astor-place-22,129,267,Test,1,3,0,3,1,,,
SSUP-HRI,Oct-6-astor-place-22,130,268,Test,1,3,1,2,0,0.7418036692269135,,
SSUP-HRI,Oct-6-astor-place-22,131,269,Test,1,3,0,3,1,,,
SSUP-HRI,Oct-6-astor-place-22,132,270,Test,1,3,1,2,0,0.7332557038666133,,
SSUP-HRI,Oct-6-astor-place-22,133,271,Test,1,3,1,2,0,0.7571335393406927,,
SSUP-HRI,Oct-6-astor-place-22,134,272,Test,1,3,1,2,0,0.7316661665828469,,
SSUP-HRI,Oct-6-astor-place-22,135,273,Test,1,3,1,2,0,0.7529028068865692,,
SSUP-HRI,Oct-6-astor-place-22,136,274,Test,1,3,1,2,0,0.7925201979160262,,
SSUP-HRI,Oct-6-astor-place-22,137,276,Test,1,3,1,2,0,0.7010617694101471,,
SSUP-HRI,Oct-6-astor-place-22,138,277,Test,1,3,1,2,0,0.5749763439674366,,
SSUP-HRI,Oct-6-astor-place-22,139,278,Test,1,3,0,3,1,,,
SSUP-HRI,Oct-6-astor-place-22,140,279,Test,1,3,0,3,1,,,
SSUP-HRI,Oct-6-astor-place-22,141,280,Test,1,3,1,2,0,0.5091401420011348,,
SSUP-HRI,Oct-6-astor-place-22,142,281,Test,1,3,0,3,1,,,
SSUP-HRI,Oct-6-astor-place-22,143,283,Test,1,3,1,2,0,0.5450578366916893,,
SSUP-HRI,Oct-6-astor-place-22,144,284,Test,1,3,1,2,0,0.5993195657850865,,
SSUP-HRI,Oct-6-astor-place-22,145,285,Test,1,3,0,3,1,,,
SSUP-HRI,Oct-6-astor-place-22,146,286,Test,1,3,1,2,0,0.5471907556843839,,
SSUP-HRI,Oct-6-astor-place-22,147,287,Test,1,3,0,3,1,,,
SSUP-HRI,Oct-6-astor-place-22,148,288,Test,1,3,0,3,1,,,
SSUP-HRI,Oct-6-astor-place-22,149,289,Test,1,3,1,2,0,0.5844799424360965,,
SSUP-HRI,Oct-6-astor-place-22,150,290,Test,1,3,1,2,0,0.5802647719073987,,
SSUP-HRI,Oct-6-astor-place-22,151,291,Test,1,3,1,2,0,0.5659026637609926,,
SSUP-HRI,Oct-6-astor-place-22,152,292,Test,1,3,0,3,1,,,
SSUP-HRI,Oct-6-astor-place-22,153,293,Test,1,3,0,3,1,,,
SSUP-HRI,Oct-6-astor-place-22,154,294,Test,1,3,0,3,1,,,
SSUP-HRI,Oct-6-astor-place-22,155,295,Test,1,3,1,2,0,0.5927526393441345,,
SSUP-HRI,Oct-6-astor-place-22,156,296,Test,1,3,1,2,0,0.576805540332907,,
SSUP-HRI,Oct-6-astor-place-22,157,297,Test,1,3,1,2,0,0.5581135040722355,,
SSUP-HRI,Oct-6-astor-place-22,158,298,Test,1,3,1,2,0,0.6200083277442396,,
SSUP-HRI,Oct-6-astor-place-22,159,299,Test,1,3,1,2,0,0.660904247152714,,
SSUP-HRI,Oct-6-astor-place-22,160,300,Test,1,3,1,2,0,0.6603935383905876,,
SSUP-HRI,Oct-6-astor-place-22,161,301,Test,1,3,1,2,0,0.6764613338945389,,
SSUP-HRI,Oct-6-astor-place-22,162,302,Test,1,5,1,4,0,0.5979712595184847,,
SSUP-HRI,Oct-6-astor-place-22,163,303,Test,1,3,1,2,0,0.516414934745578,,
SSUP-HRI,Oct-6-astor-place-22,164,304,Test,1,3,1,2,0,0.602654573347414,,
SSUP-HRI,Oct-6-astor-place-22,165,305,Test,1,3,1,2,0,0.5984356773451746,,
SSUP-HRI,Oct-6-astor-place-22,166,306,Test,1,5,1,4,0,0.5084749550353569,,
SSUP-HRI,Oct-6-astor-place-22,167,307,Test,1,3,0,3,1,,,
SSUP-HRI,Oct-6-astor-place-22,168,308,Test,1,5,1,4,0,0.5524137592647486,,
SSUP-HRI,Oct-6-astor-place-22,169,309,Test,1,5,1,4,0,0.7137973762568615,,
SSUP-HRI,Oct-6-astor-place-22,170,310,Test,1,5,1,4,0,0.6230375216567575,,
SSUP-HRI,Oct-6-astor-place-22,171,311,Test,1,5,1,4,0,0.662850892293301,,
SSUP-HRI,Oct-6-astor-place-22,172,312,Test,1,5,1,4,0,0.5744600977960037,,
SSUP-HRI,Oct-6-astor-place-22,173,313,Test,1,5,1,4,0,0.5779255831546759,,
SSUP-HRI,Oct-6-astor-place-22,174,314,Test,1,5,1,4,0,0.5833170162819322,,
SSUP-HRI,Oct-6-astor-place-22,175,315,Test,1,5,1,4,0,0.5668771914085353,,
SSUP-HRI,Oct-6-astor-place-22,176,316,Test,1,5,1,4,0,0.5041409470289908,,
SSUP-HRI,Oct-6-astor-place-22,177,317,Test,1,5,1,4,0,0.6389401570300874,,
SSUP-HRI,Oct-6-astor-place-22,178,318,Test,1,5,1,4,0,0.7255165319750849,,
SSUP-HRI,Oct-6-astor-place-22,179,319,Test,1,5,1,4,0,0.7416729114464622,,
SSUP-HRI,Oct-6-astor-place-22,180,320,Test,1,2,1,1,0,0.5699234204107414,,
SSUP-HRI,Oct-6-astor-place-22,181,321,Test,1,5,1,4,0,0.5328440397045484,,
SSUP-HRI,Oct-6-astor-place-22,182,322,Test,1,5,1,4,0,0.5313695482472286,,
SSUP-HRI,Oct-6-astor-place-22,183,323,Test,1,5,1,4,0,0.6555533351336603,,
SSUP-HRI,Oct-6-astor-place-22,184,324,Test,1,5,1,4,0,0.816115965693953,,
SSUP-HRI,Oct-6-astor-place-22,185,325,Test,1,5,1,4,0,0.8584897532351408,,
SSUP-HRI,Oct-6-astor-place-22,186,326,Test,1,5,1,4,0,0.7696056847769227,,
SSUP-HRI,Oct-6-astor-place-22,187,327,Test,1,5,1,4,0,0.8328633900079362,,
SSUP-HRI,Oct-6-astor-place-22,188,328,Test,1,5,1,4,0,0.8580726905637723,,
SSUP-HRI,Oct-6-astor-place-22,189,329,Test,1,5,1,4,0,0.7502752638529576,,
SSUP-HRI,Oct-6-astor-place-22,190,330,Test,1,5,1,4,0,0.8504829611836848,,
SSUP-HRI,Oct-6-astor-place-22,191,331,Test,1,5,1,4,0,0.8388876839224433,,
SSUP-HRI,Oct-6-astor-place-22,192,332,Test,1,5,1,4,0,0.8353170711287864,,
SSUP-HRI,Oct-6-astor-place-22,193,333,Test,1,5,1,4,0,0.7660197654889268,,
SSUP-HRI,Oct-6-astor-place-22,194,334,Test,1,5,1,4,0,0.7486961842912464,,
SSUP-HRI,Oct-6-astor-place-22,195,335,Test,1,5,1,4,0,0.8012732863234403,,
SSUP-HRI,Oct-6-astor-place-22,196,336,Test,1,5,1,4,0,0.7460663378273288,,
SSUP-HRI,Oct-6-astor-place-22,197,337,Test,1,5,1,4,0,0.7931679973040265,,
SSUP-HRI,Oct-6-astor-place-22,198,338,Test,1,5,1,4,0,0.7380276438755906,,
SSUP-HRI,Oct-6-astor-place-22,199,339,Test,1,5,1,4,0,0.7126502599090314,,
SSUP-HRI,Oct-6-astor-place-22,200,340,Test,1,5,1,4,0,0.7376870496856043,,
SSUP-HRI,Oct-6-astor-place-22,201,341,Test,1,5,1,4,0,0.8235162026522326,,
SSUP-HRI,Oct-6-astor-place-22,202,342,Test,1,5,1,4,0,0.8204289641203703,,
SSUP-HRI,Oct-6-astor-place-22,203,343,Test,1,5,1,4,0,0.821439858285516,,
SSUP-HRI,Oct-6-astor-place-22,204,344,Test,1,3,1,2,0,0.8282095235149461,,
SSUP-HRI,Oct-6-astor-place-22,205,345,Test,1,3,1,2,0,0.7554177398466474,,
SSUP-HRI,Oct-6-astor-place-22,206,346,Test,1,5,1,4,0,0.750035425507973,,
SSUP-HRI,Oct-6-astor-place-22,207,347,Test,1,3,1,2,0,0.7899725191463526,,
SSUP-HRI,Oct-6-astor-place-22,208,348,Test,1,5,1,4,0,0.7004521541794181,,
SSUP-HRI,Oct-6-astor-place-22,209,349,Test,1,5,1,4,0,0.7054107709736839,,
SSUP-HRI,Oct-6-astor-place-22,210,350,Test,1,3,1,2,0,0.7498437554600706,,
SSUP-HRI,Oct-6-astor-place-22,211,351,Test,1,5,1,4,0,0.7385409528006944,,
SSUP-HRI,Oct-6-astor-place-22,212,352,Test,1,5,1,4,0,0.7318915352145209,,
SSUP-HRI,Oct-6-astor-place-22,213,353,Test,1,5,1,4,0,0.7349416480173253,,
SSUP-HRI,Oct-6-astor-place-22,214,354,Test,1,5,1,4,0,0.7624331970723641,,
SSUP-HRI,Oct-6-astor-place-22,215,355,Test,1,5,1,4,0,0.6930846577615783,,
SSUP-HRI,Oct-6-astor-place-22,216,356,Test,1,5,1,4,0,0.7030814276461503,,
SSUP-HRI,Oct-6-astor-place-22,217,357,Test,1,5,1,4,0,0.701980809625437,,
SSUP-HRI,Oct-6-astor-place-22,218,358,Test,1,5,1,4,0,0.7116280423470598,,
SSUP-HRI,Oct-6-astor-place-22,219,359,Test,1,5,1,4,0,0.6909674225965264,,
SSUP-HRI,Oct-6-astor-place-22,220,360,Test,1,5,1,4,0,0.6815610130622377,,
SSUP-HRI,Oct-6-astor-place-22,221,361,Test,1,5,1,4,0,0.6321844227960274,,
SSUP-HRI,Oct-6-astor-place-22,222,362,Test,1,5,1,4,0,0.6080067186707644,,
SSUP-HRI,Oct-6-astor-place-22,223,363,Test,1,5,1,4,0,0.5909041252494424,,
SSUP-HRI,Oct-6-astor-place-22,224,364,Test,1,5,1,4,0,0.5844582759262529,,
SSUP-HRI,Oct-6-astor-place-22,225,365,Test,1,5,1,4,0,0.5702422661930007,,
SSUP-HRI,Oct-6-astor-place-22,226,366,Test,1,5,1,4,0,0.5745099635209383,,
SSUP-HRI,Oct-6-astor-place-22,227,367,Test,1,5,1,4,0,0.6019545681937388,,
SSUP-HRI,Oct-6-astor-place-22,228,368,Test,1,5,1,4,0,0.6047327245157924,,
SSUP-HRI,Oct-6-astor-place-22,229,369,Test,1,5,1,4,0,0.6099310007122507,,
SSUP-HRI,Oct-6-astor-place-22,230,370,Test,1,5,1,4,0,0.629077152211842,,
SSUP-HRI,Oct-6-astor-place-22,231,371,Test,1,5,1,4,0,0.6129780767746913,,
SSUP-HRI,Oct-6-astor-place-22,232,372,Test,1,2,1,1,0,0.6834982095383619,,
SSUP-HRI,Oct-6-astor-place-22,233,373,Test,1,2,1,1,0,0.7094391028880566,,
SSUP-HRI,Oct-6-astor-place-22,234,374,Test,1,2,1,1,0,0.7093294886750519,,
SSUP-HRI,Oct-6-astor-place-22,235,375,Test,1,2,1,1,0,0.7294574952178722,,
SSUP-HRI,Oct-6-astor-place-22,236,376,Test,1,2,1,1,0,0.6601569351017054,,
SSUP-HRI,Oct-6-astor-place-22,237,377,Test,1,2,1,1,0,0.741890753421124,,
SSUP-HRI,Oct-6-astor-place-22,238,378,Test,1,5,1,4,0,0.7600265041436026,,
SSUP-HRI,Oct-6-astor-place-22,239,379,Test,1,5,1,4,0,0.7115552017266427,,
SSUP-HRI,Oct-6-astor-place-22,240,380,Test,1,5,0,5,1,,,
SSUP-HRI,Oct-6-astor-place-22,241,381,Test,1,5,1,4,0,0.5525551317610408,,
SSUP-HRI,Oct-6-astor-place-22,242,382,Test,1,5,1,4,0,0.6328849794238682,,
SSUP-HRI,Oct-6-astor-place-22,243,383,Test,1,5,1,4,0,0.6582451198011089,,
SSUP-HRI,Oct-6-astor-place-22,244,384,Test,1,5,1,4,0,0.6522113437054841,,
SSUP-HRI,Oct-6-astor-place-22,245,385,Test,1,5,1,4,0,0.6552871448134191,,
SSUP-HRI,Oct-6-astor-place-22,246,386,Test,1,5,1,4,0,0.5700732599892511,,
SSUP-HRI,Oct-6-astor-place-22,247,387,Test,1,5,1,4,0,0.6089277718086311,,
SSUP-HRI,Oct-6-astor-place-22,248,388,Test,1,5,1,4,0,0.5824744971546948,,
SSUP-HRI,Oct-6-astor-place-22,249,389,Test,1,5,1,4,0,0.5818764279430777,,
SSUP-HRI,Oct-6-astor-place-22,250,390,Test,1,5,1,4,0,0.602472256212869,,
SSUP-HRI,Oct-6-astor-place-22,251,391,Test,1,5,1,4,0,0.624779312043867,,
SSUP-HRI,Oct-6-astor-place-22,252,392,Test,1,5,1,4,0,0.6596043695752999,,
SSUP-HRI,Oct-6-astor-place-22,253,393,Test,1,5,1,4,0,0.6325576532705254,,
SSUP-HRI,Oct-6-astor-place-22,254,394,Test,1,5,1,4,0,0.5228465755336551,,
SSUP-HRI,Oct-6-astor-place-22,255,395,Test,1,5,1,4,0,0.6287974073274756,,
SSUP-HRI,Oct-6-astor-place-22,256,396,Test,1,5,1,4,0,0.5865633524480921,,
SSUP-HRI,Oct-6-astor-place-22,257,397,Test,1,5,1,4,0,0.5841013382089456,,
SSUP-HRI,Oct-6-astor-place-22,258,398,Test,1,5,1,4,0,0.6277057506278295,,
SSUP-HRI,Oct-6-astor-place-22,259,399,Test,1,5,1,4,0,0.6238732730189006,,
SSUP-HRI,Oct-6-astor-place-22,260,400,Test,1,5,1,4,0,0.6187730903105295,,
SSUP-HRI,Oct-6-astor-place-22,261,401,Test,1,5,1,4,0,0.6938472581944097,,
SSUP-HRI,Oct-6-astor-place-22,262,402,Test,1,5,1,4,0,0.6191075673792897,,
SSUP-HRI,Oct-6-astor-place-22,263,403,Test,1,5,1,4,0,0.5624045554062231,,
SSUP-HRI,Oct-6-astor-place-22,264,404,Test,1,5,1,4,0,0.5687842441205274,,
SSUP-HRI,Oct-6-astor-place-22,265,405,Test,1,5,1,4,0,0.6703975835174739,,
SSUP-HRI,Oct-6-astor-place-22,266,406,Test,1,5,1,4,0,0.7167846498492818,,
SSUP-HRI,Oct-6-astor-place-22,267,407,Test,1,5,1,4,0,0.7317435328524613,,
SSUP-HRI,Oct-6-astor-place-22,268,408,Test,1,5,1,4,0,0.719859610768175,,
SSUP-HRI,Oct-6-astor-place-22,269,409,Test,1,5,1,4,0,0.701624488079731,,
SSUP-HRI,Oct-6-astor-place-22,270,410,Test,1,5,1,4,0,0.7555718695950059,,
SSUP-HRI,Oct-6-astor-place-22,271,411,Test,1,5,1,4,0,0.7501986488285444,,
SSUP-HRI,Oct-6-astor-place-22,272,412,Test,1,5,1,4,0,0.779161114398655,,
SSUP-HRI,Oct-6-astor-place-22,273,413,Test,1,5,1,4,0,0.7620383819412734,,
SSUP-HRI,Oct-6-astor-place-22,274,414,Test,1,5,1,4,0,0.7761144718355798,,
SSUP-HRI,Oct-6-astor-place-22,275,415,Test,1,5,1,4,0,0.8668801895087085,,
SSUP-HRI,Oct-6-astor-place-22,276,416,Test,1,5,1,4,0,0.7968433340038855,,
SSUP-HRI,Oct-6-astor-place-22,277,417,Test,1,5,1,4,0,0.6588408852536365,,
SSUP-HRI,Oct-6-astor-place-22,278,418,Test,1,5,1,4,0,0.7500081029426465,,
SSUP-HRI,Oct-6-astor-place-22,279,419,Test,1,5,1,4,0,0.7409120360500043,,
SSUP-HRI,Oct-6-astor-place-22,280,420,Test,1,5,1,4,0,0.7319176664561462,,
SSUP-HRI,Oct-6-astor-place-22,281,421,Test,1,5,1,4,0,0.7006716394604058,,
SSUP-HRI,Oct-6-astor-place-22,282,422,Test,1,5,1,4,0,0.6351516902234493,,
SSUP-HRI,Oct-6-astor-place-22,283,423,Test,1,5,1,4,0,0.631062775441023,,
SSUP-HRI,Oct-6-astor-place-22,284,424,Test,1,5,1,4,0,0.6417263237190722,,
SSUP-HRI,Oct-6-astor-place-22,285,425,Test,1,5,1,4,0,0.6075620927419804,,
SSUP-HRI,Oct-6-astor-place-22,286,426,Test,1,5,1,4,0,0.6820522414051783,,
SSUP-HRI,Oct-6-astor-place-22,287,427,Test,1,5,1,4,0,0.6193647067745617,,
SSUP-HRI,Oct-6-astor-place-22,288,428,Test,1,5,1,4,0,0.6304345368955068,,
SSUP-HRI,Oct-6-astor-place-22,289,429,Test,1,5,1,4,0,0.6356826774691359,,
SSUP-HRI,Oct-6-astor-place-22,290,430,Test,1,5,1,4,0,0.6762878486366685,,
SSUP-HRI,Oct-6-astor-place-22,291,431,Test,1,5,1,4,0,0.6579389364252647,,
SSUP-HRI,Oct-6-astor-place-22,292,432,Test,1,5,1,4,0,0.6207129286044357,,
SSUP-HRI,Oct-6-astor-place-22,293,433,Test,1,5,1,4,0,0.6292921885524101,,
SSUP-HRI,Oct-6-astor-place-22,294,434,Test,1,3,1,2,0,0.6183159473013476,,
SSUP-HRI,Oct-6-astor-place-22,295,435,Test,1,5,1,4,0,0.6345308481224278,,
SSUP-HRI,Oct-6-astor-place-22,296,436,Test,1,5,1,4,0,0.6079217289180113,,
SSUP-HRI,Oct-6-astor-place-22,297,437,Test,1,5,1,4,0,0.6335131114384591,,
SSUP-HRI,Oct-6-astor-place-22,298,438,Test,1,5,1,4,0,0.5770533601557908,,
SSUP-HRI,Oct-6-astor-place-22,299,439,Test,1,5,1,4,0,0.5577536237874778,,
SSUP-HRI,Oct-6-astor-place-22,300,440,Test,1,5,1,4,0,0.5883289586089064,,
SSUP-HRI,Oct-6-astor-place-22,301,441,Test,1,5,1,4,0,0.6333828963201796,,
SSUP-HRI,Oct-6-astor-place-22,302,442,Test,1,0,0,0,1,,,
SSUP-HRI,Oct-6-astor-place-22,303,443,Test,1,5,1,4,0,0.6494038728538067,,
SSUP-HRI,Oct-6-astor-place-22,304,444,Test,1,5,1,4,0,0.6366560673697164,,
SSUP-HRI,Oct-6-astor-place-22,305,445,Test,1,5,1,4,0,0.6505037949739604,,
SSUP-HRI,Oct-6-astor-place-22,306,446,Test,1,5,1,4,0,0.6704030863924296,,
SSUP-HRI,Oct-6-astor-place-22,307,447,Test,1,5,1,4,0,0.6471781675097172,,
SSUP-HRI,Oct-6-astor-place-22,308,448,Test,1,5,1,4,0,0.66250869007691,,
SSUP-HRI,Oct-6-astor-place-22,309,449,Test,1,5,1,4,0,0.677224243092298,,
SSUP-HRI,Oct-6-astor-place-22,310,450,Test,1,5,1,4,0,0.6692169748493529,,
SSUP-HRI,Oct-6-astor-place-22,311,451,Test,1,5,1,4,0,0.5826161364355805,,
SSUP-HRI,Oct-6-astor-place-22,312,452,Test,1,5,1,4,0,0.657683180573114,,
SSUP-HRI,Oct-6-astor-place-22,313,453,Test,1,5,1,4,0,0.6045067274305549,,
SSUP-HRI,Oct-6-astor-place-22,314,454,Test,1,5,1,4,0,0.6623132553210674,,
SSUP-HRI,Oct-6-astor-place-22,315,455,Test,1,5,1,4,0,0.6438311011904765,,
SSUP-HRI,Oct-6-astor-place-22,316,456,Test,1,5,1,4,0,0.6297694842561853,,
SSUP-HRI,Oct-6-astor-place-22,317,457,Test,1,5,1,4,0,0.6171579028233467,,
SSUP-HRI,Oct-6-astor-place-22,318,458,Test,1,5,1,4,0,0.5292885012067056,,
SSUP-HRI,Oct-6-astor-place-22,319,459,Test,1,5,1,4,0,0.5586388257366989,,
SSUP-HRI,Oct-6-astor-place-22,320,460,Test,1,5,1,4,0,0.5157226774751281,,
SSUP-HRI,Oct-6-astor-place-22,321,461,Test,1,5,0,5,1,,,
SSUP-HRI,Oct-6-astor-place-22,322,462,Test,1,5,1,4,0,0.5266798391859921,,
SSUP-HRI,Oct-6-astor-place-22,323,463,Test,1,5,1,4,0,0.6157731184123848,,
SSUP-HRI,Oct-6-astor-place-22,324,464,Test,1,5,1,4,0,0.6453827228416797,,
SSUP-HRI,Oct-6-astor-place-22,325,465,Test,1,5,1,4,0,0.6240139224369298,,
SSUP-HRI,Oct-6-astor-place-22,326,466,Test,1,5,1,4,0,0.502989113032341,,
SSUP-HRI,Oct-6-astor-place-22,327,467,Test,1,5,1,4,0,0.5867413861536408,,
SSUP-HRI,Oct-6-astor-place-22,328,468,Test,1,5,0,5,1,,,
SSUP-HRI,Oct-6-astor-place-22,329,469,Test,1,5,1,4,0,0.6332987656882566,,
SSUP-HRI,Oct-6-astor-place-22,330,470,Test,1,5,0,5,1,,,
SSUP-HRI,Oct-6-astor-place-22,331,471,Test,1,5,1,4,0,0.5096619957010579,,
SSUP-HRI,Oct-6-astor-place-22,332,476,Test,1,5,1,4,0,0.6226844837261503,,
SSUP-HRI,Oct-6-astor-place-22,333,477,Test,1,0,0,0,1,,,
SSUP-HRI,Oct-6-astor-place-22,334,478,Test,1,5,1,4,0,0.5233611832038252,,
SSUP-HRI,Oct-6-astor-place-22,335,480,Test,1,0,0,0,1,,,
SSUP-HRI,Oct-6-astor-place-22,336,485,Test,1,5,0,5,1,,,
SSUP-HRI,Oct-6-astor-place-22,337,486,Test,1,0,0,0,1,,,
SSUP-HRI,Oct-6-astor-place-22,338,487,Test,1,5,0,5,1,,,
SSUP-HRI,Oct-6-astor-place-22,339,488,Test,1,0,0,0,1,,,
SSUP-HRI,Oct-6-astor-place-22,340,489,Test,1,0,0,0,1,,,
SSUP-HRI,Oct-6-astor-place-22,341,490,Test,1,0,0,0,1,,,
SSUP-HRI,Oct-6-astor-place-22,342,491,Test,1,0,0,0,1,,,
SSUP-HRI,Oct-6-astor-place-22,343,492,Test,1,0,0,0,1,,,
SSUP-HRI,Oct-6-astor-place-22,344,493,Test,1,5,1,4,0,0.5592830932597933,,
SSUP-HRI,Oct-6-astor-place-22,345,494,Test,1,0,0,0,1,,,
SSUP-HRI,Oct-6-astor-place-22,346,495,Test,1,0,0,0,1,,,
SSUP-HRI,Oct-6-astor-place-22,347,496,Test,1,0,0,0,1,,,
SSUP-HRI,Oct-6-astor-place-22,348,497,Test,1,0,0,0,1,,,
SSUP-HRI,Oct-6-astor-place-22,349,498,Test,1,0,0,0,1,,,
SSUP-HRI,Oct-6-astor-place-22,350,499,Test,1,0,0,0,1,,,
SSUP-HRI,Oct-6-astor-place-22,351,500,Test,1,5,0,5,1,,,
SSUP-HRI,Oct-6-astor-place-22,352,501,Test,1,5,0,5,1,,,
SSUP-HRI,Oct-6-astor-place-22,353,502,Test,1,5,0,5,1,,,
SSUP-HRI,Oct-6-astor-place-22,354,503,Test,1,3,0,3,1,,,
SSUP-HRI,Oct-6-astor-place-22,355,504,Test,1,5,0,5,1,,,
SSUP-HRI,Oct-6-astor-place-22,356,505,Test,1,5,1,4,0,0.7894513504317383,,
SSUP-HRI,Oct-6-astor-place-22,357,506,Test,1,5,1,4,0,0.8111038771481804,,
SSUP-HRI,Oct-6-astor-place-22,358,507,Test,1,3,1,2,0,0.7123666154587016,,
SSUP-HRI,Oct-6-astor-place-22,359,508,Test,1,5,1,4,0,0.8338090304292773,,
SSUP-HRI,Oct-6-astor-place-22,360,509,Test,1,3,1,2,0,0.5918275810505174,,
SSUP-HRI,Oct-6-astor-place-22,361,510,Test,1,5,1,4,0,0.7762665121286193,,
SSUP-HRI,Oct-6-astor-place-22,362,511,Test,1,3,1,2,0,0.7650127147373929,,
SSUP-HRI,Oct-6-astor-place-22,363,512,Test,1,3,1,2,0,0.7400604177578421,,
SSUP-HRI,Oct-6-astor-place-22,364,513,Test,1,3,1,2,0,0.7027824476448918,,
SSUP-HRI,Oct-6-astor-place-22,365,514,Test,1,3,1,2,0,0.7605870477384898,,
SSUP-HRI,Oct-6-astor-place-22,366,515,Test,1,3,1,2,0,0.7689284330298308,,
SSUP-HRI,Oct-6-astor-place-22,367,516,Test,1,3,1,2,0,0.7747274371948423,,
SSUP-HRI,Oct-6-astor-place-22,368,517,Test,1,3,1,2,0,0.837491971549096,,
SSUP-HRI,Oct-6-astor-place-22,369,518,Test,1,3,1,2,0,0.7754706639672062,,
SSUP-HRI,Oct-6-astor-place-22,370,519,Test,1,3,1,2,0,0.7821868986303433,,
SSUP-HRI,Oct-6-astor-place-22,371,520,Test,1,3,1,2,0,0.7509575425653585,,
SSUP-HRI,Oct-6-astor-place-22,372,521,Test,1,3,1,2,0,0.7296019012916732,,
SSUP-HRI,Oct-6-astor-place-22,373,522,Test,1,3,1,2,0,0.7363911424496234,,
SSUP-HRI,Oct-6-astor-place-22,374,523,Test,1,3,1,2,0,0.7359964221657503,,
SSUP-HRI,Oct-6-astor-place-22,375,524,Test,1,3,1,2,0,0.7280241414720501,,
SSUP-HRI,Oct-6-astor-place-22,376,525,Test,1,3,1,2,0,0.7122434864912225,,
SSUP-HRI,Oct-6-astor-place-22,377,526,Test,1,3,1,2,0,0.6944107001792339,,
SSUP-HRI,Oct-6-astor-place-22,378,527,Test,1,3,1,2,0,0.7132435097905133,,
SSUP-HRI,Oct-6-astor-place-22,379,528,Test,1,3,1,2,0,0.6774288213784949,,
SSUP-HRI,Oct-6-astor-place-22,380,529,Test,1,3,1,2,0,0.7071222329183487,,
SSUP-HRI,Oct-6-astor-place-22,381,530,Test,1,3,1,2,0,0.7533553590496588,,
SSUP-HRI,Oct-6-astor-place-22,382,531,Test,1,3,1,2,0,0.7541189512328959,,
SSUP-HRI,Oct-6-astor-place-22,383,532,Test,1,3,1,2,0,0.8031637495460813,,
SSUP-HRI,Oct-6-astor-place-22,384,533,Test,1,3,1,2,0,0.7783025420574605,,
SSUP-HRI,Oct-6-astor-place-22,385,534,Test,1,3,1,2,0,0.7630873522911431,,
SSUP-HRI,Oct-6-astor-place-22,386,535,Test,1,3,1,2,0,0.7848154555526361,,
SSUP-HRI,Oct-6-astor-place-22,387,536,Test,1,3,1,2,0,0.7683023059791356,,
SSUP-HRI,Oct-6-astor-place-22,388,537,Test,1,5,1,4,0,0.7462463365957915,,
SSUP-HRI,Oct-6-astor-place-22,389,538,Test,1,3,1,2,0,0.820973021468192,,
SSUP-HRI,Oct-6-astor-place-22,390,539,Test,1,3,1,2,0,0.8029718733825434,,
SSUP-HRI,Oct-6-astor-place-22,391,540,Test,1,3,1,2,0,0.796049581277073,,
SSUP-HRI,Oct-6-astor-place-22,392,541,Test,1,3,1,2,0,0.7880904253711092,,
SSUP-HRI,Oct-6-astor-place-22,393,542,Test,1,3,1,2,0,0.8650605505348107,,
SSUP-HRI,Oct-6-astor-place-22,394,543,Test,1,3,1,2,0,0.7789974284248561,,
SSUP-HRI,Oct-6-astor-place-22,395,544,Test,1,3,1,2,0,0.8650357067614002,,
SSUP-HRI,Oct-6-astor-place-22,396,545,Test,1,3,1,2,0,0.8701606278598767,,
SSUP-HRI,Oct-6-astor-place-22,397,546,Test,1,3,1,2,0,0.8763163615284283,,
SSUP-HRI,Oct-6-astor-place-22,398,547,Test,1,3,1,2,0,0.9079056525480934,,
SSUP-HRI,Oct-6-astor-place-22,399,548,Test,1,3,1,2,0,0.9059480547593258,,
SSUP-HRI,Oct-6-astor-place-22,400,549,Test,1,3,1,2,0,0.9072092049607782,,
SSUP-HRI,Oct-6-astor-place-22,401,550,Test,1,3,1,2,0,0.9090874088476097,,
SSUP-HRI,Oct-6-astor-place-22,402,551,Test,1,3,1,2,0,0.9449810900063148,,
SSUP-HRI,Oct-6-astor-place-22,403,552,Test,1,3,1,2,0,0.9248898513186082,,
SSUP-HRI,Oct-6-astor-place-22,404,553,Test,1,3,1,2,0,0.9181748541878181,,
SSUP-HRI,Oct-6-astor-place-22,405,554,Test,1,2,1,1,0,0.8875480263772804,,
SSUP-HRI,Oct-6-astor-place-22,406,555,Test,1,2,1,1,0,0.8868220275811228,,
SSUP-HRI,Oct-6-astor-place-22,407,556,Test,1,2,1,1,0,0.8841400051090853,,
SSUP-HRI,Oct-6-astor-place-22,408,557,Test,1,2,1,1,0,0.8852666000982544,,
SSUP-HRI,Oct-6-astor-place-22,409,558,Test,1,2,1,1,0,0.8880368944885471,,
SSUP-HRI,Oct-6-astor-place-22,410,559,Test,1,2,1,1,0,0.895348497775862,,
SSUP-HRI,Oct-6-astor-place-22,411,560,Test,1,2,1,1,0,0.926616763358894,,
SSUP-HRI,Oct-6-astor-place-22,412,561,Test,1,3,1,2,0,0.9093877270462077,,
SSUP-HRI,Oct-6-astor-place-22,413,562,Test,1,2,1,1,0,0.8705554209968654,,
SSUP-HRI,Oct-6-astor-place-22,414,563,Test,1,3,1,2,0,0.9493145018910799,,
SSUP-HRI,Oct-6-astor-place-22,415,564,Test,1,2,1,1,0,0.8812844938543986,,
SSUP-HRI,Oct-6-astor-place-22,416,565,Test,1,3,1,2,0,0.8784957601599451,,
SSUP-HRI,Oct-6-astor-place-22,417,566,Test,1,3,1,2,0,0.8590280495717812,,
SSUP-HRI,Oct-6-astor-place-22,418,567,Test,1,3,1,2,0,0.8369613841465523,,
SSUP-HRI,Oct-6-astor-place-22,419,568,Test,1,3,1,2,0,0.8558318913756442,,
SSUP-HRI,Oct-6-astor-place-22,420,569,Test,1,2,1,1,0,0.8677131987195419,,
SSUP-HRI,Oct-6-astor-place-22,421,570,Test,1,3,1,2,0,0.87669737872466,,
SSUP-HRI,Oct-6-astor-place-22,422,571,Test,1,3,1,2,0,0.8843780777864896,,
SSUP-HRI,Oct-6-astor-place-22,423,572,Test,1,5,1,4,0,0.898956779855522,,
SSUP-HRI,Oct-6-astor-place-22,424,573,Test,1,3,1,2,0,0.8786638280811697,,
SSUP-HRI,Oct-6-astor-place-22,425,574,Test,1,3,1,2,0,0.9399305086828253,,
SSUP-HRI,Oct-6-astor-place-22,426,575,Test,1,3,1,2,0,0.8726733421167284,,
SSUP-HRI,Oct-6-astor-place-22,427,576,Test,1,3,1,2,0,0.8402132144023899,,
SSUP-HRI,Oct-6-astor-place-22,428,577,Test,1,3,1,2,0,0.8700140467067228,,
SSUP-HRI,Oct-6-astor-place-22,429,578,Test,1,3,1,2,0,0.8491458165688881,,
SSUP-HRI,Oct-6-astor-place-22,430,579,Test,1,2,1,1,0,0.7709959327621172,,
SSUP-HRI,Oct-6-astor-place-22,431,580,Test,1,2,1,1,0,0.7363083169134368,,
SSUP-HRI,Oct-6-astor-place-22,432,581,Test,1,2,1,1,0,0.7079882321693458,,
SSUP-HRI,Oct-6-astor-place-22,433,582,Test,1,2,1,1,0,0.6964364009561688,,
SSUP-HRI,Oct-6-astor-place-22,434,583,Test,1,2,1,1,0,0.7086132573556302,,
SSUP-HRI,Oct-6-astor-place-22,435,584,Test,1,2,1,1,0,0.7561056114149158,,
SSUP-HRI,Oct-6-astor-place-22,436,585,Test,1,2,1,1,0,0.7299376714699772,,
SSUP-HRI,Oct-6-astor-place-22,437,586,Test,1,2,1,1,0,0.7488740945954963,,
SSUP-HRI,Oct-6-astor-place-22,438,587,Test,1,2,1,1,0,0.7580789111871191,,
SSUP-HRI,Oct-6-astor-place-22,439,588,Test,1,2,1,1,0,0.7573811295266497,,
SSUP-HRI,Oct-6-astor-place-22,440,589,Test,1,2,1,1,0,0.768144835671136,,
SSUP-HRI,Oct-6-astor-place-22,441,590,Test,1,2,1,1,0,0.7644492657736878,,
SSUP-HRI,Oct-6-astor-place-22,442,591,Test,1,2,1,1,0,0.7539072789444088,,
SSUP-HRI,Oct-6-astor-place-22,443,592,Test,1,3,1,2,0,0.7833979375378549,,
SSUP-HRI,Oct-6-astor-place-22,444,593,Test,1,2,1,1,0,0.7793811500555015,,
SSUP-HRI,Oct-6-astor-place-22,445,594,Test,1,2,1,1,0,0.7142497383751841,,
SSUP-HRI,Oct-6-astor-place-22,446,595,Test,1,2,1,1,0,0.8012655648873834,,
SSUP-HRI,Oct-6-astor-place-22,447,596,Test,1,3,1,2,0,0.7819306885823232,,
SSUP-HRI,Oct-6-astor-place-22,448,597,Test,1,2,1,1,0,0.7503842879384215,,
SSUP-HRI,Oct-6-astor-place-22,449,598,Test,1,3,1,2,0,0.6911001354294738,,
SSUP-HRI,Oct-6-astor-place-22,450,599,Test,1,2,1,1,0,0.6675825271601363,,
SSUP-HRI,Oct-6-astor-place-22,451,600,Test,1,3,1,2,0,0.6349638542929247,,
SSUP-HRI,Oct-6-astor-place-22,452,601,Test,1,3,1,2,0,0.6048233572226261,,
SSUP-HRI,Oct-6-astor-place-22,453,602,Test,1,3,1,2,0,0.6095516894789403,,
SSUP-HRI,Oct-6-astor-place-22,454,603,Test,1,3,1,2,0,0.6058490531291414,,
SSUP-HRI,Oct-6-astor-place-22,455,604,Test,1,2,1,1,0,0.604382999699873,,
SSUP-HRI,Oct-6-astor-place-22,456,605,Test,1,3,1,2,0,0.6226846421593428,,
SSUP-HRI,Oct-6-astor-place-22,457,606,Test,1,2,1,1,0,0.6241597082427446,,
SSUP-HRI,Oct-6-astor-place-22,458,607,Test,1,2,1,1,0,0.6653325082853477,,
SSUP-HRI,Oct-6-astor-place-22,459,608,Test,1,2,1,1,0,0.6814404529603496,,
SSUP-HRI,Oct-6-astor-place-22,460,609,Test,1,3,1,2,0,0.683123179671861,,
SSUP-HRI,Oct-6-astor-place-22,461,610,Test,1,3,1,2,0,0.6627615790156934,,
SSUP-HRI,Oct-6-astor-place-22,462,611,Test,1,3,1,2,0,0.7075268562918537,,
SSUP-HRI,Oct-6-astor-place-22,463,612,Test,1,3,1,2,0,0.7051363659718161,,
SSUP-HRI,Oct-6-astor-place-22,464,613,Test,1,3,1,2,0,0.6928343887205978,,
SSUP-HRI,Oct-6-astor-place-22,465,614,Test,1,3,1,2,0,0.6572418651374817,,
SSUP-HRI,Oct-6-astor-place-22,466,615,Test,1,2,1,1,0,0.6415648061027047,,
SSUP-HRI,Oct-6-astor-place-22,467,616,Test,1,2,1,1,0,0.6625785251805433,,
SSUP-HRI,Oct-6-astor-place-22,468,617,Test,1,2,1,1,0,0.676820216655627,,
SSUP-HRI,Oct-6-astor-place-22,469,618,Test,1,2,1,1,0,0.7480930218811842,,
SSUP-HRI,Oct-6-astor-place-22,470,619,Test,1,3,1,2,0,0.7571203173423743,,
SSUP-HRI,Oct-6-astor-place-22,471,620,Test,1,3,1,2,0,0.7677258317243422,,
SSUP-HRI,Oct-6-astor-place-22,472,621,Test,1,3,1,2,0,0.7606899419577898,,
SSUP-HRI,Oct-6-astor-place-22,473,622,Test,1,3,1,2,0,0.7709384039708893,,
SSUP-HRI,Oct-6-astor-place-22,474,623,Test,1,3,1,2,0,0.7847567790062433,,
SSUP-HRI,Oct-6-astor-place-22,475,624,Test,1,3,1,2,0,0.7953552026743977,,
SSUP-HRI,Oct-6-astor-place-22,476,625,Test,1,3,1,2,0,0.7751942855009537,,
SSUP-HRI,Oct-6-astor-place-22,477,626,Test,1,3,1,2,0,0.7619803835640009,,
SSUP-HRI,Oct-6-astor-place-22,478,627,Test,1,3,1,2,0,0.774363498382964,,
SSUP-HRI,Oct-6-astor-place-22,479,628,Test,1,3,1,2,0,0.7821235374787932,,
SSUP-HRI,Oct-6-astor-place-22,480,629,Test,1,2,1,1,0,0.7572921318715423,,
SSUP-HRI,Oct-6-astor-place-22,481,630,Test,1,2,1,1,0,0.7335362509084623,,
SSUP-HRI,Oct-6-astor-place-22,482,631,Test,1,3,1,2,0,0.7405107754485488,,
SSUP-HRI,Oct-6-astor-place-22,483,632,Test,1,2,1,1,0,0.7243406500383911,,
SSUP-HRI,Oct-6-astor-place-22,484,633,Test,1,3,1,2,0,0.7366316718504081,,
SSUP-HRI,Oct-6-astor-place-22,485,634,Test,1,3,1,2,0,0.6977552091672219,,
SSUP-HRI,Oct-6-astor-place-22,486,635,Test,1,3,1,2,0,0.6734226886717923,,
SSUP-HRI,Oct-6-astor-place-22,487,636,Test,1,3,1,2,0,0.6998214868270387,,
SSUP-HRI,Oct-6-astor-place-22,488,637,Test,1,3,1,2,0,0.6978741880760027,,
SSUP-HRI,Oct-6-astor-place-22,489,638,Test,1,2,1,1,0,0.765436535159104,,
SSUP-HRI,Oct-6-astor-place-22,490,639,Test,1,3,1,2,0,0.7421996056325332,,
SSUP-HRI,Oct-6-astor-place-22,491,640,Test,1,2,1,1,0,0.6527601270971557,,
SSUP-HRI,Oct-6-astor-place-22,492,641,Test,1,2,1,1,0,0.6461460654381542,,
SSUP-HRI,Oct-6-astor-place-22,493,642,Test,1,2,1,1,0,0.5908350355564651,,
SSUP-HRI,Oct-6-astor-place-22,494,643,Test,1,2,1,1,0,0.6299443672513982,,
SSUP-HRI,Oct-6-astor-place-22,495,644,Test,1,2,1,1,0,0.7507634824083852,,
SSUP-HRI,Oct-6-astor-place-22,496,645,Test,1,2,1,1,0,0.7568721623872499,,
SSUP-HRI,Oct-6-astor-place-22,497,646,Test,1,3,1,2,0,0.6241691519696876,,
SSUP-HRI,Oct-6-astor-place-22,498,647,Test,1,2,1,1,0,0.594708723228807,,
SSUP-HRI,Oct-6-astor-place-22,499,648,Test,1,3,1,2,0,0.5946189044505272,,
SSUP-HRI,Oct-6-astor-place-22,500,649,Test,1,2,0,2,1,,,
SSUP-HRI,Oct-6-astor-place-22,501,650,Test,1,2,0,2,1,,,
SSUP-HRI,Oct-6-astor-place-22,502,651,Test,1,2,1,1,0,0.5171428039664165,,
SSUP-HRI,Oct-6-astor-place-22,503,652,Test,1,3,0,3,1,,,
SSUP-HRI,Oct-6-astor-place-22,504,653,Test,1,2,0,2,1,,,
SSUP-HRI,Oct-6-astor-place-22,505,654,Test,1,3,0,3,1,,,
SSUP-HRI,Oct-6-astor-place-22,506,655,Test,1,2,0,2,1,,,
SSUP-HRI,Oct-6-astor-place-22,507,656,Test,1,2,1,1,0,0.5249128535891475,,
SSUP-HRI,Oct-6-astor-place-22,508,657,Test,1,2,1,1,0,0.6049044435471013,,
SSUP-HRI,Oct-6-astor-place-22,509,658,Test,1,3,1,2,0,0.5110737404558585,,
SSUP-HRI,Oct-6-astor-place-22,510,659,Test,1,2,1,1,0,0.6103614670438873,,
SSUP-HRI,Oct-6-astor-place-22,511,660,Test,1,2,1,1,0,0.6950049098512587,,
SSUP-HRI,Oct-6-astor-place-22,512,661,Test,1,3,1,2,0,0.7430824024417719,,
SSUP-HRI,Oct-6-astor-place-22,513,662,Test,1,2,1,1,0,0.7514339426204368,,
SSUP-HRI,Oct-6-astor-place-22,514,663,Test,1,3,1,2,0,0.773159708301687,,
SSUP-HRI,Oct-6-astor-place-22,515,664,Test,1,2,1,1,0,0.8244976532949644,,
SSUP-HRI,Oct-6-astor-place-22,516,665,Test,1,3,1,2,0,0.7993697029969664,,
SSUP-HRI,Oct-6-astor-place-22,517,666,Test,1,2,1,1,0,0.8967493758051173,,
SSUP-HRI,Oct-6-astor-place-22,518,667,Test,1,2,1,1,0,0.8887952185840559,,
SSUP-HRI,Oct-6-astor-place-22,519,668,Test,1,3,1,2,0,0.9073985428428396,,
SSUP-HRI,Oct-6-astor-place-22,520,669,Test,1,2,1,1,0,0.9545073390776966,,
SSUP-HRI,Oct-6-astor-place-22,521,670,Test,1,3,1,2,0,0.8419614649030104,,
SSUP-HRI,Oct-6-astor-place-22,522,671,Test,1,3,1,2,0,0.8167917993317892,,
SSUP-HRI,Oct-6-astor-place-22,523,672,Test,1,3,1,2,0,0.8350245439770256,,
SSUP-HRI,Oct-6-astor-place-22,524,673,Test,1,2,1,1,0,0.7844693789610653,,
SSUP-HRI,Oct-6-astor-place-22,525,674,Test,1,3,1,2,0,0.753016891277963,,
SSUP-HRI,Oct-6-astor-place-22,526,675,Test,1,3,1,2,0,0.7617975040012332,,
SSUP-HRI,Oct-6-astor-place-22,527,676,Test,1,3,1,2,0,0.8110904403485206,,
SSUP-HRI,Oct-6-astor-place-22,528,677,Test,1,3,1,2,0,0.8430036162106652,,
SSUP-HRI,Oct-6-astor-place-22,529,678,Test,1,2,1,1,0,0.7678609298202037,,
SSUP-HRI,Oct-6-astor-place-22,530,679,Test,1,2,1,1,0,0.8056488068499441,,
SSUP-HRI,Oct-6-astor-place-22,531,680,Test,1,2,1,1,0,0.7988543086103778,,
SSUP-HRI,Oct-6-astor-place-22,532,750,Test,1,3,1,2,0,0.5690695510176764,,
SSUP-HRI,Oct-6-astor-place-22,533,751,Test,1,3,1,2,0,0.5673348950672739,,
SSUP-HRI,Oct-6-astor-place-22,534,752,Test,1,3,1,2,0,0.5584303945468612,,
SSUP-HRI,Oct-6-astor-place-22,535,753,Test,1,3,1,2,0,0.5488412730741127,,
SSUP-HRI,Oct-6-astor-place-22,536,754,Test,1,3,1,2,0,0.5817284393345589,,
SSUP-HRI,Oct-6-astor-place-22,537,755,Test,1,3,1,2,0,0.5902700462168817,,
SSUP-HRI,Oct-6-astor-place-22,538,756,Test,1,3,1,2,0,0.6031476868187772,,
SSUP-HRI,Oct-6-astor-place-22,539,757,Test,1,3,1,2,0,0.6438385429773252,,
SSUP-HRI,Oct-6-astor-place-22,540,758,Test,1,3,1,2,0,0.6626503693902637,,
SSUP-HRI,Oct-6-astor-place-22,541,759,Test,1,3,1,2,0,0.659691878983458,,
SSUP-HRI,Oct-6-astor-place-22,542,760,Test,1,3,1,2,0,0.6505403229943769,,
SSUP-HRI,Oct-6-astor-place-22,543,761,Test,1,3,1,2,0,0.6725419359455682,,
SSUP-HRI,Oct-6-astor-place-22,544,762,Test,1,3,1,2,0,0.6891237927214928,,
SSUP-HRI,Oct-6-astor-place-22,545,763,Test,1,3,1,2,0,0.6844112791112805,,
SSUP-HRI,Oct-6-astor-place-22,546,764,Test,1,3,1,2,0,0.6584594980293303,,
SSUP-HRI,Oct-6-astor-place-22,547,765,Test,1,3,1,2,0,0.7967713241980824,,
SSUP-HRI,Oct-6-astor-place-22,548,766,Test,1,2,1,1,0,0.7955485683582679,,
SSUP-HRI,Oct-6-astor-place-22,549,767,Test,1,2,1,1,0,0.7913400165064856,,
SSUP-HRI,Oct-6-astor-place-22,550,768,Test,1,2,1,1,0,0.8571096813725494,,
SSUP-HRI,Oct-6-astor-place-22,551,769,Test,1,2,1,1,0,0.7897434094495499,,
SSUP-HRI,Oct-6-astor-place-22,552,770,Test,1,2,1,1,0,0.88871983452143,,
SSUP-HRI,Oct-6-astor-place-22,553,771,Test,1,3,1,2,0,0.865103121004079,,
SSUP-HRI,Oct-6-astor-place-22,554,772,Test,1,2,1,1,0,0.863276027753601,,
SSUP-HRI,Oct-6-astor-place-22,555,773,Test,1,2,1,1,0,0.8549608744785855,,
SSUP-HRI,Oct-6-astor-place-22,556,774,Test,1,2,1,1,0,0.8658164418714154,,
SSUP-HRI,Oct-6-astor-place-22,557,775,Test,1,3,1,2,0,0.8717191253384872,,
SSUP-HRI,Oct-6-astor-place-22,558,776,Test,1,3,1,2,0,0.8571546762665337,,
SSUP-HRI,Oct-6-astor-place-22,559,777,Test,1,3,1,2,0,0.8767591340589392,,
SSUP-HRI,Oct-6-astor-place-22,560,778,Test,1,3,1,2,0,0.881786634213871,,
SSUP-HRI,Oct-6-astor-place-22,561,779,Test,1,3,1,2,0,0.872599711123524,,
SSUP-HRI,Oct-6-astor-place-22,562,780,Test,1,3,1,2,0,0.8731367073045623,,
SSUP-HRI,Oct-6-astor-place-22,563,781,Test,1,3,1,2,0,0.8595447194678152,,
SSUP-HRI,Oct-6-astor-place-22,564,782,Test,1,3,1,2,0,0.8117011492062176,,
SSUP-HRI,Oct-6-astor-place-22,565,783,Test,1,3,1,2,0,0.8491880915715149,,
SSUP-HRI,Oct-6-astor-place-22,566,784,Test,1,3,1,2,0,0.80630438675267,,
SSUP-HRI,Oct-6-astor-place-22,567,785,Test,1,3,1,2,0,0.8016793214230369,,
SSUP-HRI,Oct-6-astor-place-22,568,786,Test,1,3,1,2,0,0.7943488023952093,,
SSUP-HRI,Oct-6-astor-place-22,569,787,Test,1,3,1,2,0,0.7987439065224674,,
SSUP-HRI,Oct-6-astor-place-22,570,788,Test,1,2,1,1,0,0.8070052737752652,,
SSUP-HRI,Oct-6-astor-place-22,571,789,Test,1,3,1,2,0,0.8211481144897789,,
SSUP-HRI,Oct-6-astor-place-22,572,790,Test,1,3,1,2,0,0.8642338908179017,,
SSUP-HRI,Oct-6-astor-place-22,573,791,Test,1,3,1,2,0,0.7676599047275816,,
SSUP-HRI,Oct-6-astor-place-22,574,792,Test,1,3,1,2,0,0.8281810133643794,,
SSUP-HRI,Oct-6-astor-place-22,575,793,Test,1,2,1,1,0,0.7959136193155174,,
SSUP-HRI,Oct-6-astor-place-22,576,794,Test,1,3,1,2,0,0.757019402885576,,
SSUP-HRI,Oct-6-astor-place-22,577,795,Test,1,3,1,2,0,0.7970978765734691,,
SSUP-HRI,Oct-6-astor-place-22,578,796,Test,1,3,1,2,0,0.7453664646954797,,
SSUP-HRI,Oct-6-astor-place-22,579,797,Test,1,3,1,2,0,0.7528616620228887,,
SSUP-HRI,Oct-6-astor-place-22,580,798,Test,1,3,1,2,0,0.6863878494193453,,
SSUP-HRI,Oct-6-astor-place-22,581,799,Test,1,3,1,2,0,0.6520093302083296,,
SSUP-HRI,Oct-6-astor-place-22,582,800,Test,1,3,1,2,0,0.6054580981955539,,
SSUP-HRI,Oct-6-astor-place-22,583,801,Test,1,3,1,2,0,0.5620070439948945,,
SSUP-HRI,Oct-6-astor-place-22,584,802,Test,1,3,1,2,0,0.5174539451686225,,
SSUP-HRI,Oct-6-astor-place-22,585,803,Test,1,3,0,3,1,,,
SSUP-HRI,Oct-6-astor-place-22,586,804,Test,1,3,0,3,1,,,
SSUP-HRI,Oct-6-astor-place-22,587,805,Test,1,3,0,3,1,,,
SSUP-HRI,Oct-6-astor-place-22,588,806,Test,1,3,0,3,1,,,
SSUP-HRI,Oct-6-astor-place-22,589,807,Test,1,3,0,3,1,,,
SSUP-HRI,Oct-6-astor-place-22,590,808,Test,1,3,0,3,1,,,
SSUP-HRI,Oct-6-astor-place-22,591,809,Test,1,3,0,3,1,,,
SSUP-HRI,Oct-6-astor-place-22,592,810,Test,1,5,0,5,1,,,
SSUP-HRI,Oct-6-astor-place-22,593,811,Test,1,3,0,3,1,,,
SSUP-HRI,Oct-6-astor-place-22,594,812,Test,1,5,0,5,1,,,
SSUP-HRI,Oct-6-astor-place-22,595,813,Test,1,3,0,3,1,,,
SSUP-HRI,Oct-6-astor-place-22,596,814,Test,1,5,0,5,1,,,
SSUP-HRI,Oct-6-astor-place-22,597,815,Test,1,3,0,3,1,,,
SSUP-HRI,Oct-6-astor-place-22,598,816,Test,1,3,1,2,0,0.6424952300785631,,
SSUP-HRI,Oct-6-astor-place-22,599,817,Test,1,3,1,2,0,0.6153684626966563,,
SSUP-HRI,Oct-6-astor-place-22,600,818,Test,1,3,1,2,0,0.6296515841000498,,
SSUP-HRI,Oct-6-astor-place-22,601,819,Test,1,3,1,2,0,0.6205310702511224,,
SSUP-HRI,Oct-6-astor-place-22,602,820,Test,1,3,1,2,0,0.6653107944168364,,
SSUP-HRI,Oct-6-astor-place-22,603,821,Test,1,3,1,2,0,0.7062751176292842,,
SSUP-HRI,Oct-6-astor-place-22,604,822,Test,1,3,1,2,0,0.7282704298822451,,
SSUP-HRI,Oct-6-astor-place-22,605,823,Test,1,3,1,2,0,0.6968127859794528,,
SSUP-HRI,Oct-6-astor-place-22,606,824,Test,1,3,1,2,0,0.7160644045307297,,
SSUP-HRI,Oct-6-astor-place-22,607,825,Test,1,3,1,2,0,0.6876015867812738,,
SSUP-HRI,Oct-6-astor-place-22,608,826,Test,1,3,1,2,0,0.6793913949187387,,
SSUP-HRI,Oct-6-astor-place-22,609,827,Test,1,5,1,4,0,0.6722543358936591,,
SSUP-HRI,Oct-6-astor-place-22,610,828,Test,1,5,1,4,0,0.7055841891133555,,
SSUP-HRI,Oct-6-astor-place-22,611,829,Test,1,0,0,0,1,,,
SSUP-HRI,Oct-6-astor-place-22,612,830,Test,1,5,1,4,0,0.6472048092385104,,
SSUP-HRI,Oct-6-astor-place-22,613,831,Test,1,0,0,0,1,,,
SSUP-HRI,Oct-6-astor-place-22,614,832,Test,1,0,0,0,1,,,
SSUP-HRI,Oct-6-astor-place-22,615,833,Test,1,5,1,4,0,0.6339544116607949,,
SSUP-HRI,Oct-6-astor-place-22,616,834,Test,1,0,0,0,1,,,
SSUP-HRI,Oct-6-astor-place-22,617,835,Test,1,5,1,4,0,0.7118929050423164,,
SSUP-HRI,Oct-6-astor-place-22,618,836,Test,1,0,0,0,1,,,
SSUP-HRI,Oct-6-astor-place-22,619,837,Test,1,0,0,0,1,,,
SSUP-HRI,Oct-6-astor-place-22,620,838,Test,1,0,0,0,1,,,
SSUP-HRI,Oct-6-astor-place-22,621,839,Test,1,5,1,4,0,0.6649488236750593,,
SSUP-HRI,Oct-6-astor-place-22,622,840,Test,1,5,1,4,0,0.648761903034774,,
SSUP-HRI,Oct-6-astor-place-22,623,841,Test,1,5,1,4,0,0.618438395010933,,
SSUP-HRI,Oct-6-astor-place-22,624,842,Test,1,5,1,4,0,0.5704916150271758,,
SSUP-HRI,Oct-6-astor-place-22,625,843,Test,1,5,1,4,0,0.6314631091478586,,
SSUP-HRI,Oct-6-astor-place-22,626,844,Test,1,5,1,4,0,0.5449806887150497,,
SSUP-HRI,Oct-6-astor-place-22,627,845,Test,1,5,0,5,1,,,
SSUP-HRI,Oct-6-astor-place-22,628,846,Test,1,5,0,5,1,,,
SSUP-HRI,Oct-6-astor-place-22,629,847,Test,1,5,1,4,0,0.5126696497481491,,
SSUP-HRI,Oct-6-astor-place-22,630,848,Test,1,5,0,5,1,,,
SSUP-HRI,Oct-6-astor-place-22,631,849,Test,1,5,1,4,0,0.6482316709766709,,
SSUP-HRI,Oct-6-astor-place-22,632,850,Test,1,5,0,5,1,,,
SSUP-HRI,Oct-6-astor-place-22,633,851,Test,1,3,1,2,0,0.6286481943492878,,
SSUP-HRI,Oct-6-astor-place-22,634,852,Test,1,5,1,4,0,0.5455690234068731,,
SSUP-HRI,Oct-6-astor-place-22,635,853,Test,1,3,1,2,0,0.5559751538383605,,
SSUP-HRI,Oct-6-astor-place-22,636,854,Test,1,5,0,5,1,,,
SSUP-HRI,Oct-6-astor-place-22,637,855,Test,1,3,1,2,0,0.6193229640124291,,
SSUP-HRI,Oct-6-astor-place-22,638,856,Test,1,3,0,3,1,,,
SSUP-HRI,Oct-6-astor-place-22,639,857,Test,1,3,1,2,0,0.5006859423938469,,
SSUP-HRI,Oct-6-astor-place-22,640,858,Test,1,5,0,5,1,,,
SSUP-HRI,Oct-6-astor-place-22,641,859,Test,1,3,0,3,1,,,
SSUP-HRI,Oct-6-astor-place-22,642,860,Test,1,3,0,3,1,,,
SSUP-HRI,Oct-6-astor-place-22,643,861,Test,1,3,1,2,0,0.6284910063898811,,
SSUP-HRI,Oct-6-astor-place-22,644,862,Test,1,3,1,2,0,0.6612255848980809,,
SSUP-HRI,Oct-6-astor-place-22,645,863,Test,1,3,1,2,0,0.6960898122877262,,
SSUP-HRI,Oct-6-astor-place-22,646,864,Test,1,5,1,4,0,0.5974501675406069,,
SSUP-HRI,Oct-6-astor-place-22,647,865,Test,1,3,1,2,0,0.7121807882555783,,
SSUP-HRI,Oct-6-astor-place-22,648,866,Test,1,3,1,2,0,0.5764973533565667,,
SSUP-HRI,Oct-6-astor-place-22,649,867,Test,1,3,1,2,0,0.6273721676219811,,
SSUP-HRI,Oct-6-astor-place-22,650,868,Test,1,3,1,2,0,0.6199174118888819,,
SSUP-HRI,Oct-6-astor-place-22,651,869,Test,1,3,1,2,0,0.7655336243492679,,
SSUP-HRI,Oct-6-astor-place-22,652,870,Test,1,3,1,2,0,0.7326194603039066,,
SSUP-HRI,Oct-6-astor-place-22,653,871,Test,1,3,1,2,0,0.7753930251695107,,
SSUP-HRI,Oct-6-astor-place-22,654,872,Test,1,3,1,2,0,0.7204847572098384,,
SSUP-HRI,Oct-6-astor-place-22,655,873,Test,1,3,1,2,0,0.7373783553946369,,
SSUP-HRI,Oct-6-astor-place-22,656,874,Test,1,3,1,2,0,0.7446117763083695,,
SSUP-HRI,Oct-6-astor-place-22,657,875,Test,1,3,1,2,0,0.7797283172055517,,
SSUP-HRI,Oct-6-astor-place-22,658,876,Test,1,3,1,2,0,0.7393910345531127,,
SSUP-HRI,Oct-6-astor-place-22,659,877,Test,1,3,1,2,0,0.7922475658016839,,
SSUP-HRI,Oct-6-astor-place-22,660,878,Test,1,3,1,2,0,0.7506326776375553,,
SSUP-HRI,Oct-6-astor-place-22,661,879,Test,1,3,1,2,0,0.7310794033183364,,
SSUP-HRI,Oct-6-astor-place-22,662,880,Test,1,3,1,2,0,0.769826853243637,,
SSUP-HRI,Oct-6-astor-place-22,663,881,Test,1,3,1,2,0,0.8151937364698608,,
SSUP-HRI,Oct-6-astor-place-22,664,882,Test,1,3,1,2,0,0.8195398652964528,,
SSUP-HRI,Oct-6-astor-place-22,665,883,Test,1,3,1,2,0,0.8590522326431754,,
SSUP-HRI,Oct-6-astor-place-22,666,884,Test,1,3,1,2,0,0.8633421326809287,,
SSUP-HRI,Oct-6-astor-place-22,667,885,Test,1,3,1,2,0,0.8432443845439799,,
SSUP-HRI,Oct-6-astor-place-22,668,886,Test,1,3,1,2,0,0.8520678338559136,,
SSUP-HRI,Oct-6-astor-place-22,669,887,Test,1,3,1,2,0,0.8278816958472712,,
SSUP-HRI,Oct-6-astor-place-22,670,888,Test,1,3,1,2,0,0.806183730337684,,
SSUP-HRI,Oct-6-astor-place-22,671,889,Test,1,2,1,1,0,0.8446979604863737,,
SSUP-HRI,Oct-6-astor-place-22,672,890,Test,1,3,1,2,0,0.8074309750381734,,
SSUP-HRI,Oct-6-astor-place-22,673,891,Test,1,3,1,2,0,0.802745567999248,,
SSUP-HRI,Oct-6-astor-place-22,674,892,Test,1,3,1,2,0,0.7805626235762746,,
SSUP-HRI,Oct-6-astor-place-22,675,893,Test,1,3,1,2,0,0.8250489973266376,,
SSUP-HRI,Oct-6-astor-place-22,676,894,Test,1,3,1,2,0,0.7997174634241698,,
SSUP-HRI,Oct-6-astor-place-22,677,895,Test,1,2,1,1,0,0.8128102152404667,,
SSUP-HRI,Oct-6-astor-place-22,678,896,Test,1,3,1,2,0,0.8478833548048266,,
SSUP-HRI,Oct-6-astor-place-22,679,897,Test,1,3,1,2,0,0.8368611417388577,,
SSUP-HRI,Oct-6-astor-place-22,680,898,Test,1,3,1,2,0,0.8560005925751595,,
SSUP-HRI,Oct-6-astor-place-22,681,899,Test,1,2,1,1,0,0.8901566488106262,,
SSUP-HRI,Oct-6-astor-place-22,682,900,Test,1,3,1,2,0,0.8619607032190918,,
SSUP-HRI,Oct-6-astor-place-22,683,901,Test,1,3,1,2,0,0.8825180023365793,,
SSUP-HRI,Oct-6-astor-place-22,684,902,Test,1,3,1,2,0,0.8563280991376131,,
SSUP-HRI,Oct-6-astor-place-22,685,903,Test,1,3,1,2,0,0.8630640799383086,,
SSUP-HRI,Oct-6-astor-place-22,686,904,Test,1,2,1,1,0,0.8616400954430802,,
SSUP-HRI,Oct-6-astor-place-22,687,905,Test,1,3,1,2,0,0.8594142217613073,,
SSUP-HRI,Oct-6-astor-place-22,688,906,Test,1,3,1,2,0,0.9037212513046743,,
SSUP-HRI,Oct-6-astor-place-22,689,907,Test,1,2,1,1,0,0.9594675659499124,,
SSUP-HRI,Oct-6-astor-place-22,690,908,Test,1,2,1,1,0,0.9028198186888472,,
SSUP-HRI,Oct-6-astor-place-22,691,909,Test,1,2,1,1,0,0.951936749127257,,
SSUP-HRI,Oct-6-astor-place-22,692,910,Test,1,2,1,1,0,0.907926444635854,,
SSUP-HRI,Oct-6-astor-place-22,693,911,Test,1,2,1,1,0,0.8971621581359581,,
SSUP-HRI,Oct-6-astor-place-22,694,912,Test,1,2,1,1,0,0.8965105660664355,,
SSUP-HRI,Oct-6-astor-place-22,695,913,Test,1,2,1,1,0,0.8973472968174405,,
SSUP-HRI,Oct-6-astor-place-22,696,914,Test,1,2,1,1,0,0.8636039309825306,,
SSUP-HRI,Oct-6-astor-place-22,697,915,Test,1,2,1,1,0,0.9004046012126651,,
SSUP-HRI,Oct-6-astor-place-22,698,916,Test,1,2,1,1,0,0.9127179296178631,,
SSUP-HRI,Oct-6-astor-place-22,699,917,Test,1,2,1,1,0,0.8527649792427439,,
SSUP-HRI,Oct-6-astor-place-22,700,918,Test,1,2,1,1,0,0.8536529302174573,,
SSUP-HRI,Oct-6-astor-place-22,701,919,Test,1,2,1,1,0,0.8489700264414052,,
SSUP-HRI,Oct-6-astor-place-22,702,920,Test,1,2,1,1,0,0.9059790867710056,,
SSUP-HRI,Oct-6-astor-place-22,703,921,Test,1,2,1,1,0,0.9068563008165187,,
SSUP-HRI,Oct-6-astor-place-22,704,922,Test,1,2,1,1,0,0.9077067678102538,,
SSUP-HRI,Oct-6-astor-place-22,705,923,Test,1,3,1,2,0,0.9052522899823797,,
SSUP-HRI,Oct-6-astor-place-22,706,924,Test,1,2,1,1,0,0.9356342316487815,,
SSUP-HRI,Oct-6-astor-place-22,707,925,Test,1,2,1,1,0,0.9307709619341564,,
SSUP-HRI,Oct-6-astor-place-22,708,926,Test,1,2,1,1,0,0.9072781124968454,,
SSUP-HRI,Oct-6-astor-place-22,709,927,Test,1,3,1,2,0,0.8897141530965582,,
SSUP-HRI,Oct-6-astor-place-22,710,928,Test,1,2,1,1,0,0.9302092528034802,,
SSUP-HRI,Oct-6-astor-place-22,711,929,Test,1,3,1,2,0,0.9342172270084967,,
SSUP-HRI,Oct-6-astor-place-22,712,930,Test,1,2,1,1,0,0.9439323779982097,,
SSUP-HRI,Oct-6-astor-place-22,713,931,Test,1,3,1,2,0,0.9377994725912425,,
SSUP-HRI,Oct-6-astor-place-22,714,932,Test,1,2,1,1,0,0.9319814542704449,,
SSUP-HRI,Oct-6-astor-place-22,715,933,Test,1,2,1,1,0,0.9280302571617448,,
SSUP-HRI,Oct-6-astor-place-22,716,934,Test,1,3,1,2,0,0.9197254095745128,,
SSUP-HRI,Oct-6-astor-place-22,717,935,Test,1,2,1,1,0,0.9482311845943907,,
SSUP-HRI,Oct-6-astor-place-22,718,936,Test,1,3,1,2,0,0.8904416909285605,,
SSUP-HRI,Oct-6-astor-place-22,719,937,Test,1,2,1,1,0,0.8923706179103388,,
SSUP-HRI,Oct-6-astor-place-22,720,938,Test,1,2,1,1,0,0.9072516520051029,,
SSUP-HRI,Oct-6-astor-place-22,721,939,Test,1,2,1,1,0,0.8136208657435838,,
SSUP-HRI,Oct-6-astor-place-22,722,940,Test,1,2,1,1,0,0.8399859622431446,,
SSUP-HRI,Oct-6-astor-place-22,723,941,Test,1,2,1,1,0,0.7865944408117914,,
SSUP-HRI,Oct-6-astor-place-22,724,942,Test,1,2,1,1,0,0.7796300192609857,,
SSUP-HRI,Oct-6-astor-place-22,725,943,Test,1,2,1,1,0,0.7005069903900418,,
SSUP-HRI,Oct-6-astor-place-22,726,944,Test,1,2,1,1,0,0.6756360188682614,,
SSUP-HRI,Oct-6-astor-place-22,727,945,Test,1,2,1,1,0,0.6046004650392006,,
SSUP-HRI,Oct-6-astor-place-22,728,946,Test,1,2,1,1,0,0.5937145514588406,,
SSUP-HRI,Oct-6-astor-place-22,729,947,Test,1,2,1,1,0,0.6504169068301523,,
SSUP-HRI,Oct-6-astor-place-22,730,948,Test,1,2,1,1,0,0.6376907698615002,,
SSUP-HRI,Oct-6-astor-place-22,731,949,Test,1,2,1,1,0,0.613222555951547,,
SSUP-HRI,Oct-6-astor-place-22,732,950,Test,1,2,1,1,0,0.5964664691073043,,
SSUP-HRI,Oct-6-astor-place-22,733,951,Test,1,2,1,1,0,0.5622256509445257,,
SSUP-HRI,Oct-6-astor-place-22,734,952,Test,1,2,1,1,0,0.5105513777495682,,
SSUP-HRI,Oct-6-astor-place-22,735,953,Test,1,2,1,1,0,0.502456226786603,,
SSUP-HRI,Oct-6-astor-place-22,736,954,Test,1,2,0,2,1,,,
SSUP-HRI,Oct-6-astor-place-22,737,955,Test,1,2,1,1,0,0.5214124485291354,,
SSUP-HRI,Oct-6-astor-place-22,738,956,Test,1,2,1,1,0,0.5665295741503459,,
SSUP-HRI,Oct-6-astor-place-22,739,957,Test,1,2,1,1,0,0.5323309979410905,,
SSUP-HRI,Oct-6-astor-place-22,740,958,Test,1,2,1,1,0,0.5855704609434426,,
SSUP-HRI,Oct-6-astor-place-22,741,959,Test,1,2,1,1,0,0.5829304869160175,,
SSUP-HRI,Oct-6-astor-place-22,742,960,Test,1,2,1,1,0,0.5629548106373393,,
SSUP-HRI,Oct-6-astor-place-22,743,961,Test,1,2,0,2,1,,,
SSUP-HRI,Oct-6-astor-place-22,744,962,Test,1,2,1,1,0,0.5586673794235133,,
SSUP-HRI,Oct-6-astor-place-22,745,963,Test,1,2,1,1,0,0.5468686956666188,,
SSUP-HRI,Oct-6-astor-place-22,746,964,Test,1,2,1,1,0,0.5412261752726286,,
SSUP-HRI,Oct-6-astor-place-22,747,965,Test,1,2,0,2,1,,,
SSUP-HRI,Oct-6-astor-place-22,748,966,Test,1,2,0,2,1,,,
SSUP-HRI,Oct-6-astor-place-22,749,967,Test,1,2,0,2,1,,,
SSUP-HRI,Oct-6-astor-place-22,750,968,Test,1,2,0,2,1,,,
SSUP-HRI,Oct-6-astor-place-22,751,969,Test,1,2,0,2,1,,,
SSUP-HRI,Oct-6-astor-place-22,752,970,Test,1,2,0,2,1,,,
SSUP-HRI,Oct-6-astor-place-22,753,971,Test,1,2,0,2,1,,,
SSUP-HRI,Oct-6-astor-place-22,754,972,Test,1,2,0,2,1,,,
SSUP-HRI,Oct-6-astor-place-22,755,973,Test,1,2,1,1,0,0.5009850188866048,,
SSUP-HRI,Oct-6-astor-place-22,756,974,Test,1,2,1,1,0,0.5389087440357513,,
SSUP-HRI,Oct-6-astor-place-22,757,975,Test,1,2,1,1,0,0.571273416720805,,
SSUP-HRI,Oct-6-astor-place-22,758,976,Test,1,2,1,1,0,0.5850762733101663,,
SSUP-HRI,Oct-6-astor-place-22,759,977,Test,1,2,1,1,0,0.5744355857825568,,
SSUP-HRI,Oct-6-astor-place-22,760,978,Test,1,2,1,1,0,0.5941820601604946,,
SSUP-HRI,Oct-6-astor-place-22,761,979,Test,1,2,1,1,0,0.5624945547837333,,
SSUP-HRI,Oct-6-astor-place-22,762,980,Test,1,2,1,1,0,0.5821035009604526,,
SSUP-HRI,Oct-6-astor-place-22,763,981,Test,1,2,1,1,0,0.5403856500146832,,
SSUP-HRI,Oct-6-astor-place-22,764,982,Test,1,2,1,1,0,0.6191994591727533,,
SSUP-HRI,Oct-6-astor-place-22,765,983,Test,1,2,1,1,0,0.5717884804108175,,
SSUP-HRI,Oct-6-astor-place-22,766,984,Test,1,1,0,1,1,,,
SSUP-HRI,Oct-6-astor-place-22,767,985,Test,1,2,1,1,0,0.5678272679833255,,
SSUP-HRI,Oct-6-astor-place-22,768,986,Test,1,1,0,1,1,,,
SSUP-HRI,Oct-6-astor-place-22,769,987,Test,1,1,0,1,1,,,
SSUP-HRI,Oct-6-astor-place-22,770,988,Test,1,1,0,1,1,,,
SSUP-HRI,Oct-6-astor-place-22,771,989,Test,1,1,0,1,1,,,
SSUP-HRI,Oct-6-astor-place-22,772,990,Test,1,1,0,1,1,,,
SSUP-HRI,Oct-6-astor-place-22,773,991,Test,1,1,0,1,1,,,
SSUP-HRI,Oct-6-astor-place-22,774,992,Test,1,1,0,1,1,,,
SSUP-HRI,Oct-6-astor-place-22,775,993,Test,1,1,0,1,1,,,
SSUP-HRI,Oct-6-astor-place-22,776,994,Test,1,1,0,1,1,,,
SSUP-HRI,Oct-6-astor-place-22,777,995,Test,1,1,0,1,1,,,
SSUP-HRI,Oct-6-astor-place-22,778,996,Test,1,1,0,1,1,,,
SSUP-HRI,Oct-6-astor-place-22,779,997,Test,1,1,0,1,1,,,
SSUP-HRI,Oct-6-astor-place-22,780,998,Test,1,1,1,0,0,0.5149327903391258,,
SSUP-HRI,Oct-6-astor-place-22,781,999,Test,1,1,1,0,0,0.588995201956325,,
SSUP-HRI,Oct-6-astor-place-22,782,1000,Test,1,1,0,1,1,,,
SSUP-HRI,Sep-21-astor-place-15,1,255,Test,1,0,0,0,1,,,
SSUP-HRI,Sep-21-astor-place-15,2,256,Test,1,0,0,0,1,,,
SSUP-HRI,Sep-21-astor-place-15,3,257,Test,1,0,0,0,1,,,
SSUP-HRI,Sep-21-astor-place-15,4,258,Test,1,0,0,0,1,,,
SSUP-HRI,Sep-21-astor-place-15,5,259,Test,1,0,0,0,1,,,
SSUP-HRI,Sep-21-astor-place-15,6,260,Test,1,0,0,0,1,,,
SSUP-HRI,Sep-21-astor-place-15,7,261,Test,1,0,0,0,1,,,
SSUP-HRI,Sep-21-astor-place-15,8,262,Test,1,0,0,0,1,,,
SSUP-HRI,Sep-21-astor-place-15,9,263,Test,1,0,0,0,1,,,
SSUP-HRI,Sep-21-astor-place-15,10,264,Test,1,0,0,0,1,,,
SSUP-HRI,Sep-21-astor-place-15,11,265,Test,1,0,0,0,1,,,
SSUP-HRI,Sep-21-astor-place-15,12,266,Test,1,0,0,0,1,,,
SSUP-HRI,Sep-21-astor-place-15,13,267,Test,1,0,0,0,1,,,
SSUP-HRI,Sep-21-astor-place-15,14,268,Test,1,0,0,0,1,,,
SSUP-HRI,Sep-21-astor-place-15,15,269,Test,1,0,0,0,1,,,
SSUP-HRI,Sep-21-astor-place-15,16,270,Test,1,0,0,0,1,,,
SSUP-HRI,Sep-21-astor-place-15,17,271,Test,1,0,0,0,1,,,
SSUP-HRI,Sep-21-astor-place-15,18,272,Test,1,0,0,0,1,,,
SSUP-HRI,Sep-21-astor-place-15,19,273,Test,1,0,0,0,1,,,
SSUP-HRI,Sep-21-astor-place-15,20,274,Test,1,0,0,0,1,,,
SSUP-HRI,Sep-21-astor-place-15,21,275,Test,1,0,0,0,1,,,
SSUP-HRI,Sep-21-astor-place-15,22,276,Test,1,0,0,0,1,,,
SSUP-HRI,Sep-21-astor-place-15,23,277,Test,1,0,0,0,1,,,
SSUP-HRI,Sep-21-astor-place-15,24,278,Test,1,0,0,0,1,,,
SSUP-HRI,Sep-21-astor-place-15,25,279,Test,1,0,0,0,1,,,
SSUP-HRI,Sep-21-astor-place-15,26,280,Test,1,0,0,0,1,,,
SSUP-HRI,Sep-21-astor-place-15,27,281,Test,1,0,0,0,1,,,
SSUP-HRI,Sep-21-astor-place-15,28,282,Test,1,0,0,0,1,,,
SSUP-HRI,Sep-21-astor-place-15,29,283,Test,1,0,0,0,1,,,
SSUP-HRI,Sep-21-astor-place-15,30,284,Test,1,5,1,4,0,0.6682377078220691,,
SSUP-HRI,Sep-21-astor-place-15,31,285,Test,1,0,0,0,1,,,
SSUP-HRI,Sep-21-astor-place-15,32,286,Test,1,0,0,0,1,,,
SSUP-HRI,Sep-21-astor-place-15,33,287,Test,1,5,1,4,0,0.6673804597475222,,
SSUP-HRI,Sep-21-astor-place-15,34,288,Test,1,5,1,4,0,0.7548804119520297,,
SSUP-HRI,Sep-21-astor-place-15,35,289,Test,1,5,1,4,0,0.7638870111863525,,
SSUP-HRI,Sep-21-astor-place-15,36,290,Test,1,5,1,4,0,0.7488144260711401,,
SSUP-HRI,Sep-21-astor-place-15,37,291,Test,1,5,1,4,0,0.6539803328840212,,
SSUP-HRI,Sep-21-astor-place-15,38,292,Test,1,0,0,0,1,,,
SSUP-HRI,Sep-21-astor-place-15,39,293,Test,1,0,0,0,1,,,
SSUP-HRI,Sep-21-astor-place-15,40,294,Test,1,0,0,0,1,,,
SSUP-HRI,Sep-21-astor-place-15,41,295,Test,1,0,0,0,1,,,
SSUP-HRI,Sep-21-astor-place-15,42,296,Test,1,0,0,0,1,,,
SSUP-HRI,Sep-21-astor-place-15,43,297,Test,1,0,0,0,1,,,
SSUP-HRI,Sep-21-astor-place-15,44,298,Test,1,5,1,4,0,0.6733135952370415,,
SSUP-HRI,Sep-21-astor-place-15,45,299,Test,1,0,0,0,1,,,
SSUP-HRI,Sep-21-astor-place-15,46,300,Test,1,5,1,4,0,0.7056610531572638,,
SSUP-HRI,Sep-21-astor-place-15,47,301,Test,1,0,0,0,1,,,
SSUP-HRI,Sep-21-astor-place-15,48,302,Test,1,5,1,4,0,0.7023498530821699,,
SSUP-HRI,Sep-21-astor-place-15,49,303,Test,1,5,1,4,0,0.5641714755319879,,
SSUP-HRI,Sep-21-astor-place-15,50,304,Test,1,5,1,4,0,0.6790752839035247,,
SSUP-HRI,Sep-21-astor-place-15,51,305,Test,1,0,0,0,1,,,
SSUP-HRI,Sep-21-astor-place-15,52,306,Test,1,0,0,0,1,,,
SSUP-HRI,Sep-21-astor-place-15,53,307,Test,1,3,1,2,0,0.7287408172462488,,
SSUP-HRI,Sep-21-astor-place-15,54,308,Test,1,0,0,0,1,,,
SSUP-HRI,Sep-21-astor-place-15,55,309,Test,1,0,0,0,1,,,
SSUP-HRI,Sep-21-astor-place-15,56,310,Test,1,3,1,2,0,0.7590744579928296,,
SSUP-HRI,Sep-21-astor-place-15,57,311,Test,1,0,0,0,1,,,
SSUP-HRI,Sep-21-astor-place-15,58,312,Test,1,0,0,0,1,,,
SSUP-HRI,Sep-21-astor-place-15,59,313,Test,1,0,0,0,1,,,
SSUP-HRI,Sep-21-astor-place-15,60,314,Test,1,5,1,4,0,0.7150871030075869,,
SSUP-HRI,Sep-21-astor-place-15,61,315,Test,1,0,0,0,1,,,
SSUP-HRI,Sep-21-astor-place-15,62,316,Test,1,5,1,4,0,0.6656218033599717,,
SSUP-HRI,Sep-21-astor-place-15,63,317,Test,1,0,0,0,1,,,
SSUP-HRI,Sep-21-astor-place-15,64,318,Test,1,5,1,4,0,0.6884580472654017,,
SSUP-HRI,Sep-21-astor-place-15,65,319,Test,1,0,0,0,1,,,
SSUP-HRI,Sep-21-astor-place-15,66,320,Test,1,5,1,4,0,0.7662688507669133,,
SSUP-HRI,Sep-21-astor-place-15,67,321,Test,1,5,1,4,0,0.7315300191682859,,
SSUP-HRI,Sep-21-astor-place-15,68,322,Test,1,0,0,0,1,,,
SSUP-HRI,Sep-21-astor-place-15,69,323,Test,1,5,1,4,0,0.7745479874709446,,
SSUP-HRI,Sep-21-astor-place-15,70,324,Test,1,0,0,0,1,,,
SSUP-HRI,Sep-21-astor-place-15,71,325,Test,1,0,0,0,1,,,
SSUP-HRI,Sep-21-astor-place-15,72,326,Test,1,0,0,0,1,,,
SSUP-HRI,Sep-21-astor-place-15,73,327,Test,1,0,0,0,1,,,
SSUP-HRI,Sep-21-astor-place-15,74,328,Test,1,0,0,0,1,,,
SSUP-HRI,Sep-21-astor-place-15,75,329,Test,1,3,1,2,0,0.8049010964425045,,
SSUP-HRI,Sep-21-astor-place-15,76,330,Test,1,3,1,2,0,0.6858560276220558,,
SSUP-HRI,Sep-21-astor-place-15,77,331,Test,1,3,1,2,0,0.6998260244551205,,
SSUP-HRI,Sep-21-astor-place-15,78,332,Test,1,3,1,2,0,0.6805725836894629,,
SSUP-HRI,Sep-21-astor-place-15,79,333,Test,1,3,1,2,0,0.7079661305097767,,
SSUP-HRI,Sep-21-astor-place-15,80,334,Test,1,3,1,2,0,0.6763213028049866,,
SSUP-HRI,Sep-21-astor-place-15,81,335,Test,1,0,0,0,1,,,
SSUP-HRI,Sep-21-astor-place-15,82,336,Test,1,3,1,2,0,0.556469424355472,,
SSUP-HRI,Sep-21-astor-place-15,83,337,Test,1,3,1,2,0,0.5536241370312023,,
SSUP-HRI,Sep-21-astor-place-15,84,338,Test,1,3,1,2,0,0.6260264436981589,,
SSUP-HRI,Sep-21-astor-place-15,85,339,Test,1,0,0,0,1,,,
SSUP-HRI,Sep-21-astor-place-15,86,340,Test,1,0,0,0,1,,,
SSUP-HRI,Sep-21-astor-place-15,87,341,Test,1,0,0,0,1,,,
SSUP-HRI,Sep-21-astor-place-15,88,342,Test,1,0,0,0,1,,,
SSUP-HRI,Sep-21-astor-place-15,89,343,Test,1,0,0,0,1,,,
SSUP-HRI,Sep-21-astor-place-15,90,344,Test,1,0,0,0,1,,,
SSUP-HRI,Sep-21-astor-place-15,91,345,Test,1,5,1,4,0,0.5262327934682802,,
SSUP-HRI,Sep-21-astor-place-15,92,346,Test,1,0,0,0,1,,,
SSUP-HRI,Sep-21-astor-place-15,93,347,Test,1,0,0,0,1,,,
SSUP-HRI,Sep-21-astor-place-15,94,348,Test,1,0,0,0,1,,,
SSUP-HRI,Sep-21-astor-place-15,95,349,Test,1,0,0,0,1,,,
SSUP-HRI,Sep-21-astor-place-15,96,350,Test,1,0,0,0,1,,,
SSUP-HRI,Sep-21-astor-place-15,97,351,Test,1,0,0,0,1,,,
SSUP-HRI,Sep-21-astor-place-15,98,352,Test,1,0,0,0,1,,,
SSUP-HRI,Sep-21-astor-place-15,99,353,Test,1,0,0,0,1,,,
SSUP-HRI,Sep-21-astor-place-15,100,354,Test,1,0,0,0,1,,,
SSUP-HRI,Sep-21-astor-place-15,101,355,Test,1,0,0,0,1,,,
SSUP-HRI,Sep-21-astor-place-15,102,356,Test,1,0,0,0,1,,,
SSUP-HRI,Sep-21-astor-place-15,103,357,Test,1,0,0,0,1,,,
SSUP-HRI,Sep-21-astor-place-15,104,358,Test,1,0,0,0,1,,,
SSUP-HRI,Sep-21-astor-place-15,105,359,Test,1,0,0,0,1,,,
SSUP-HRI,Sep-21-astor-place-15,106,360,Test,1,0,0,0,1,,,
SSUP-HRI,Sep-21-astor-place-15,107,361,Test,1,0,0,0,1,,,
SSUP-HRI,Sep-21-astor-place-15,108,362,Test,1,0,0,0,1,,,
SSUP-HRI,Sep-21-astor-place-15,109,363,Test,1,0,0,0,1,,,
SSUP-HRI,Sep-21-astor-place-15,110,364,Test,1,0,0,0,1,,,
SSUP-HRI,Sep-21-astor-place-15,111,365,Test,1,0,0,0,1,,,
SSUP-HRI,Sep-21-astor-place-15,112,366,Test,1,0,0,0,1,,,
SSUP-HRI,Sep-21-astor-place-15,113,367,Test,1,0,0,0,1,,,
SSUP-HRI,Sep-21-astor-place-15,114,368,Test,1,0,0,0,1,,,
SSUP-HRI,Sep-21-astor-place-15,115,369,Test,1,0,0,0,1,,,
SSUP-HRI,Sep-21-astor-place-15,116,370,Test,1,0,0,0,1,,,
SSUP-HRI,Sep-21-astor-place-15,117,371,Test,1,0,0,0,1,,,
SSUP-HRI,Sep-21-astor-place-15,118,372,Test,1,0,0,0,1,,,
SSUP-HRI,Sep-21-astor-place-15,119,373,Test,1,0,0,0,1,,,
SSUP-HRI,Sep-21-astor-place-15,120,374,Test,1,0,0,0,1,,,
SSUP-HRI,Sep-21-astor-place-15,121,375,Test,1,0,0,0,1,,,
SSUP-HRI,Sep-21-astor-place-15,122,376,Test,1,3,0,3,1,,,
SSUP-HRI,Sep-21-astor-place-15,123,377,Test,1,0,0,0,1,,,
SSUP-HRI,Sep-21-astor-place-15,124,378,Test,1,3,0,3,1,,,
SSUP-HRI,Sep-21-astor-place-15,125,379,Test,1,0,0,0,1,,,
SSUP-HRI,Sep-21-astor-place-15,126,380,Test,1,0,0,0,1,,,
SSUP-HRI,Sep-21-astor-place-15,127,381,Test,1,0,0,0,1,,,
SSUP-HRI,Sep-21-astor-place-15,128,382,Test,1,0,0,0,1,,,
SSUP-HRI,Sep-21-astor-place-15,129,383,Test,1,0,0,0,1,,,
SSUP-HRI,Sep-21-astor-place-15,130,384,Test,1,0,0,0,1,,,
SSUP-HRI,Sep-21-astor-place-15,131,385,Test,1,3,0,3,1,,,
SSUP-HRI,Sep-21-astor-place-15,132,386,Test,1,3,0,3,1,,,
SSUP-HRI,Sep-21-astor-place-15,133,387,Test,1,3,0,3,1,,,
SSUP-HRI,Sep-21-astor-place-15,134,388,Test,1,3,0,3,1,,,
SSUP-HRI,Sep-21-astor-place-15,135,389,Test,1,3,0,3,1,,,
SSUP-HRI,Sep-21-astor-place-15,136,390,Test,1,0,0,0,1,,,
SSUP-HRI,Sep-21-astor-place-15,137,391,Test,1,3,0,3,1,,,
SSUP-HRI,Sep-21-astor-place-15,138,392,Test,1,3,0,3,1,,,
SSUP-HRI,Sep-21-astor-place-15,139,393,Test,1,3,0,3,1,,,
SSUP-HRI,Sep-21-astor-place-15,140,394,Test,1,0,0,0,1,,,
SSUP-HRI,Sep-21-astor-place-15,141,395,Test,1,3,0,3,1,,,
SSUP-HRI,Sep-21-astor-place-15,142,396,Test,1,5,0,5,1,,,
SSUP-HRI,Sep-21-astor-place-15,143,397,Test,1,0,0,0,1,,,
SSUP-HRI,Sep-21-astor-place-15,144,398,Test,1,3,0,3,1,,,
SSUP-HRI,Sep-21-astor-place-15,145,399,Test,1,3,0,3,1,,,
SSUP-HRI,Sep-21-astor-place-15,146,400,Test,1,0,0,0,1,,,
SSUP-HRI,Sep-21-astor-place-15,147,401,Test,1,0,0,0,1,,,
SSUP-HRI,Sep-21-astor-place-15,148,402,Test,1,0,0,0,1,,,
SSUP-HRI,Sep-21-astor-place-15,149,403,Test,1,0,0,0,1,,,
SSUP-HRI,Sep-21-astor-place-15,150,404,Test,1,0,0,0,1,,,
SSUP-HRI,Sep-21-astor-place-15,151,405,Test,1,0,0,0,1,,,
SSUP-HRI,Sep-21-astor-place-15,152,406,Test,1,0,0,0,1,,,
SSUP-HRI,Sep-21-astor-place-15,153,407,Test,1,0,0,0,1,,,
SSUP-HRI,Sep-21-astor-place-15,154,408,Test,1,0,0,0,1,,,
SSUP-HRI,Sep-21-astor-place-15,155,409,Test,1,0,0,0,1,,,
SSUP-HRI,Sep-21-astor-place-15,156,410,Test,1,0,0,0,1,,,
SSUP-HRI,Sep-21-astor-place-15,157,411,Test,1,0,0,0,1,,,
SSUP-HRI,Sep-21-astor-place-15,158,412,Test,1,0,0,0,1,,,
SSUP-HRI,Sep-21-astor-place-15,159,413,Test,1,0,0,0,1,,,
SSUP-HRI,Sep-21-astor-place-15,160,414,Test,1,0,0,0,1,,,
SSUP-HRI,Sep-21-astor-place-15,161,415,Test,1,0,0,0,1,,,
SSUP-HRI,Sep-21-astor-place-15,162,416,Test,1,0,0,0,1,,,
SSUP-HRI,Sep-21-astor-place-15,163,417,Test,1,4,1,3,0,0.5106744382052266,,
SSUP-HRI,Sep-21-astor-place-15,164,418,Test,1,1,0,1,1,,,
SSUP-HRI,Sep-21-astor-place-15,165,419,Test,1,0,0,0,1,,,
SSUP-HRI,Sep-21-astor-place-15,166,420,Test,1,0,0,0,1,,,
SSUP-HRI,Sep-21-astor-place-15,167,421,Test,1,0,0,0,1,,,
SSUP-HRI,Sep-21-astor-place-15,168,422,Test,1,0,0,0,1,,,
SSUP-HRI,Sep-21-astor-place-15,169,423,Test,1,0,0,0,1,,,
SSUP-HRI,Sep-21-astor-place-15,170,424,Test,1,3,1,2,0,0.8720757188577921,,
SSUP-HRI,Sep-21-astor-place-15,171,425,Test,1,0,0,0,1,,,
SSUP-HRI,Sep-21-astor-place-15,172,426,Test,1,0,0,0,1,,,
SSUP-HRI,Sep-21-astor-place-15,173,427,Test,1,0,0,0,1,,,
SSUP-HRI,Sep-21-astor-place-15,174,428,Test,1,0,0,0,1,,,
SSUP-HRI,Sep-21-astor-place-15,175,429,Test,1,0,0,0,1,,,
SSUP-HRI,Sep-21-astor-place-15,176,430,Test,1,0,0,0,1,,,
SSUP-HRI,Sep-21-astor-place-15,177,431,Test,1,0,0,0,1,,,
SSUP-HRI,Sep-21-astor-place-15,178,432,Test,1,0,0,0,1,,,
SSUP-HRI,Sep-21-astor-place-15,179,433,Test,1,0,0,0,1,,,
SSUP-HRI,Sep-21-astor-place-15,180,434,Test,1,0,0,0,1,,,
SSUP-HRI,Sep-21-astor-place-15,181,435,Test,1,0,0,0,1,,,
SSUP-HRI,Sep-21-astor-place-15,182,436,Test,1,0,0,0,1,,,
SSUP-HRI,Sep-21-astor-place-15,183,437,Test,1,0,0,0,1,,,
SSUP-HRI,Sep-21-astor-place-15,184,438,Test,1,0,0,0,1,,,
SSUP-HRI,Sep-21-astor-place-15,185,439,Test,1,0,0,0,1,,,
SSUP-HRI,Sep-21-astor-place-15,186,440,Test,1,0,0,0,1,,,
SSUP-HRI,Sep-21-astor-place-15,187,441,Test,1,0,0,0,1,,,
SSUP-HRI,Sep-21-astor-place-15,188,442,Test,1,0,0,0,1,,,
SSUP-HRI,Sep-21-astor-place-15,189,443,Test,1,0,0,0,1,,,
SSUP-HRI,Sep-21-astor-place-15,190,444,Test,1,0,0,0,1,,,
SSUP-HRI,Sep-21-astor-place-15,191,445,Test,1,0,0,0,1,,,
SSUP-HRI,Sep-21-astor-place-15,192,446,Test,1,0,0,0,1,,,
SSUP-HRI,Sep-21-astor-place-15,193,447,Test,1,0,0,0,1,,,
SSUP-HRI,Sep-21-astor-place-15,194,448,Test,1,0,0,0,1,,,
SSUP-HRI,Sep-21-astor-place-15,195,449,Test,1,0,0,0,1,,,
SSUP-HRI,Sep-21-astor-place-15,196,450,Test,1,0,0,0,1,,,
SSUP-HRI,Sep-21-astor-place-15,197,451,Test,1,0,0,0,1,,,
SSUP-HRI,Sep-21-astor-place-15,198,452,Test,1,0,0,0,1,,,
SSUP-HRI,Sep-21-astor-place-15,199,453,Test,1,0,0,0,1,,,
SSUP-HRI,Sep-21-astor-place-15,200,454,Test,1,0,0,0,1,,,
SSUP-HRI,Sep-21-astor-place-15,201,455,Test,1,0,0,0,1,,,
SSUP-HRI,Sep-21-astor-place-15,202,456,Test,1,0,0,0,1,,,
SSUP-HRI,Sep-21-astor-place-15,203,457,Test,1,0,0,0,1,,,
SSUP-HRI,Sep-21-astor-place-15,204,458,Test,1,0,0,0,1,,,
SSUP-HRI,Sep-21-astor-place-15,205,459,Test,1,0,0,0,1,,,
SSUP-HRI,Sep-21-astor-place-15,206,460,Test,1,0,0,0,1,,,
SSUP-HRI,Sep-21-astor-place-15,207,461,Test,1,0,0,0,1,,,
SSUP-HRI,Sep-21-astor-place-15,208,462,Test,1,0,0,0,1,,,
SSUP-HRI,Sep-21-astor-place-15,209,463,Test,1,0,0,0,1,,,
SSUP-HRI,Sep-21-astor-place-15,210,464,Test,1,0,0,0,1,,,
SSUP-HRI,Sep-21-astor-place-15,211,465,Test,1,0,0,0,1,,,
SSUP-HRI,Sep-21-astor-place-15,212,466,Test,1,0,0,0,1,,,
SSUP-HRI,Sep-21-astor-place-15,213,467,Test,1,0,0,0,1,,,
SSUP-HRI,Sep-21-astor-place-15,214,468,Test,1,0,0,0,1,,,
SSUP-HRI,Sep-21-astor-place-15,215,469,Test,1,0,0,0,1,,,
SSUP-HRI,Sep-21-astor-place-15,216,470,Test,1,0,0,0,1,,,
SSUP-HRI,Sep-21-astor-place-15,217,471,Test,1,0,0,0,1,,,
SSUP-HRI,Sep-21-astor-place-15,218,472,Test,1,0,0,0,1,,,
SSUP-HRI,Sep-21-astor-place-15,219,473,Test,1,0,0,0,1,,,
SSUP-HRI,Sep-21-astor-place-15,220,474,Test,1,0,0,0,1,,,
SSUP-HRI,Sep-21-astor-place-15,221,475,Test,1,0,0,0,1,,,
SSUP-HRI,Sep-21-astor-place-15,222,476,Test,1,0,0,0,1,,,
SSUP-HRI,Sep-21-astor-place-15,223,477,Test,1,0,0,0,1,,,
SSUP-HRI,Sep-21-astor-place-15,224,478,Test,1,0,0,0,1,,,
SSUP-HRI,Sep-21-astor-place-15,225,479,Test,1,0,0,0,1,,,
SSUP-HRI,Sep-21-astor-place-15,226,480,Test,1,0,0,0,1,,,
SSUP-HRI,Sep-21-astor-place-15,227,481,Test,1,0,0,0,1,,,
SSUP-HRI,Sep-21-astor-place-15,228,482,Test,1,0,0,0,1,,,
SSUP-HRI,Sep-21-astor-place-15,229,483,Test,1,0,0,0,1,,,
SSUP-HRI,Sep-21-astor-place-15,230,484,Test,1,0,0,0,1,,,
SSUP-HRI,Sep-21-astor-place-15,231,485,Test,1,0,0,0,1,,,
SSUP-HRI,Sep-21-astor-place-15,232,486,Test,1,0,0,0,1,,,
SSUP-HRI,Sep-21-astor-place-15,233,487,Test,1,0,0,0,1,,,
SSUP-HRI,Sep-21-astor-place-15,234,488,Test,1,0,0,0,1,,,
SSUP-HRI,Sep-21-astor-place-15,235,489,Test,1,0,0,0,1,,,
SSUP-HRI,Sep-21-astor-place-15,236,490,Test,1,0,0,0,1,,,
SSUP-HRI,Sep-21-astor-place-15,237,491,Test,1,0,0,0,1,,,
SSUP-HRI,Sep-21-astor-place-15,238,492,Test,1,0,0,0,1,,,
SSUP-HRI,Sep-21-astor-place-15,239,493,Test,1,0,0,0,1,,,
SSUP-HRI,Sep-21-astor-place-15,240,494,Test,1,0,0,0,1,,,
SSUP-HRI,Sep-21-astor-place-15,241,495,Test,1,0,0,0,1,,,
SSUP-HRI,Sep-21-astor-place-15,242,496,Test,1,0,0,0,1,,,
SSUP-HRI,Sep-21-astor-place-15,243,497,Test,1,0,0,0,1,,,
SSUP-HRI,Sep-21-astor-place-15,244,498,Test,1,0,0,0,1,,,
SSUP-HRI,Sep-21-astor-place-15,245,499,Test,1,0,0,0,1,,,
SSUP-HRI,Sep-21-astor-place-15,246,500,Test,1,2,1,1,0,0.7619473596712287,,
SSUP-HRI,Sep-21-astor-place-15,247,501,Test,1,0,0,0,1,,,
SSUP-HRI,Sep-21-astor-place-15,248,502,Test,1,3,1,2,0,0.6893911065856663,,
SSUP-HRI,Sep-21-astor-place-15,249,503,Test,1,3,1,2,0,0.7166663586514003,,
SSUP-HRI,Sep-21-astor-place-15,250,504,Test,1,0,0,0,1,,,
SSUP-HRI,Sep-21-astor-place-15,251,505,Test,1,3,1,2,0,0.6957447765562164,,
SSUP-HRI,Sep-21-astor-place-15,252,506,Test,1,0,0,0,1,,,
SSUP-HRI,Sep-21-astor-place-15,253,507,Test,1,0,0,0,1,,,
SSUP-HRI,Sep-21-astor-place-15,254,508,Test,1,0,0,0,1,,,
SSUP-HRI,Sep-21-astor-place-15,255,509,Test,1,0,0,0,1,,,
SSUP-HRI,Sep-21-astor-place-15,256,510,Test,1,5,1,4,0,0.6064460444785957,,
SSUP-HRI,Sep-21-astor-place-15,257,511,Test,1,5,1,4,0,0.6008292880029439,,
SSUP-HRI,Sep-21-astor-place-15,258,512,Test,1,0,0,0,1,,,
SSUP-HRI,Sep-21-astor-place-15,259,513,Test,1,5,1,4,0,0.5674038091398796,,
SSUP-HRI,Sep-21-astor-place-15,260,514,Test,1,5,1,4,0,0.557967847345321,,
SSUP-HRI,Sep-21-astor-place-15,261,515,Test,1,5,1,4,0,0.5841834422968755,,
SSUP-HRI,Sep-21-astor-place-15,262,516,Test,1,5,1,4,0,0.5849334490722901,,
SSUP-HRI,Sep-21-astor-place-15,263,517,Test,1,1,1,0,0,0.5459163619350276,,
SSUP-HRI,Sep-21-astor-place-15,264,518,Test,1,1,1,0,0,0.5646998202026932,,
SSUP-HRI,Sep-21-astor-place-15,265,519,Test,1,5,1,4,0,0.590877955598084,,
SSUP-HRI,Sep-21-astor-place-15,266,520,Test,1,1,1,0,0,0.6570573725360926,,
SSUP-HRI,Sep-21-astor-place-15,267,521,Test,1,5,1,4,0,0.5784481437175861,,
SSUP-HRI,Sep-21-astor-place-15,268,522,Test,1,1,1,0,0,0.8668331734198943,,
SSUP-HRI,Sep-21-astor-place-15,269,523,Test,1,1,1,0,0,0.8919113567784596,,
SSUP-HRI,Sep-21-astor-place-15,270,524,Test,1,1,1,0,0,0.9001792835664527,,
SSUP-HRI,Sep-21-astor-place-15,271,525,Test,1,1,1,0,0,0.8656759820377213,,
SSUP-HRI,Sep-21-astor-place-15,272,526,Test,1,0,0,0,1,,,
SSUP-HRI,Sep-21-astor-place-15,273,527,Test,1,1,1,0,0,0.88256781227822,,
SSUP-HRI,Sep-21-astor-place-15,274,528,Test,1,0,0,0,1,,,
SSUP-HRI,Sep-21-astor-place-15,275,529,Test,1,1,1,0,0,0.8903070380257053,,
SSUP-HRI,Sep-21-astor-place-15,276,531,Test,1,0,0,0,1,,,
SSUP-HRI,Sep-21-astor-place-15,277,532,Test,1,0,0,0,1,,,
SSUP-HRI,Sep-21-astor-place-15,278,533,Test,1,0,0,0,1,,,
SSUP-HRI,Sep-21-astor-place-15,279,534,Test,1,0,0,0,1,,,
SSUP-HRI,Sep-21-astor-place-15,280,535,Test,1,1,1,0,0,0.8964106859464465,,
SSUP-HRI,Sep-21-astor-place-15,281,536,Test,1,1,1,0,0,0.8524791423667327,,
SSUP-HRI,Sep-21-astor-place-15,282,537,Test,1,0,0,0,1,,,
SSUP-HRI,Sep-21-astor-place-15,283,538,Test,1,1,1,0,0,0.8784693005985987,,
SSUP-HRI,Sep-21-astor-place-15,284,539,Test,1,1,1,0,0,0.8851185292463891,,
SSUP-HRI,Sep-21-astor-place-15,285,540,Test,1,1,1,0,0,0.8928089977254221,,
SSUP-HRI,Sep-21-astor-place-15,286,541,Test,1,1,1,0,0,0.9326345727881946,,
SSUP-HRI,Sep-21-astor-place-15,287,542,Test,1,1,1,0,0,0.9052820735781527,,
SSUP-HRI,Sep-21-astor-place-15,288,543,Test,1,1,1,0,0,0.9138165239656727,,
SSUP-HRI,Sep-21-astor-place-15,289,544,Test,1,1,1,0,0,0.9030657436091777,,
SSUP-HRI,Sep-21-astor-place-15,290,545,Test,1,1,1,0,0,0.9284909756260332,,
SSUP-HRI,Sep-21-astor-place-15,291,546,Test,1,1,1,0,0,0.966916267674367,,
SSUP-HRI,Sep-21-astor-place-15,292,547,Test,1,1,1,0,0,0.9807996919619395,,
SSUP-HRI,Sep-21-astor-place-15,293,548,Test,1,1,1,0,0,0.9671126616305546,,
SSUP-HRI,Sep-21-astor-place-15,294,549,Test,1,1,1,0,0,0.863869934956513,,
SSUP-HRI,Sep-21-astor-place-15,295,550,Test,1,1,1,0,0,0.7454984605612267,,
SSUP-HRI,Sep-21-astor-place-15,296,551,Test,1,0,0,0,1,,,
SSUP-HRI,Sep-21-astor-place-15,297,552,Test,1,1,1,0,0,0.7445770832798314,,
SSUP-HRI,Sep-21-astor-place-15,298,553,Test,1,1,1,0,0,0.8627202676662482,,
SSUP-HRI,Sep-21-astor-place-15,299,554,Test,1,1,1,0,0,0.9038221635083457,,
SSUP-HRI,Sep-21-astor-place-15,300,555,Test,1,1,1,0,0,0.8455638562166954,,
SSUP-HRI,Sep-21-astor-place-15,301,556,Test,1,0,0,0,1,,,
SSUP-HRI,Sep-21-astor-place-15,302,557,Test,1,0,0,0,1,,,
SSUP-HRI,Sep-21-astor-place-15,303,558,Test,1,1,1,0,0,0.8597115509372939,,
SSUP-HRI,Sep-21-astor-place-15,304,559,Test,1,1,1,0,0,0.8616293642184544,,
SSUP-HRI,Sep-21-astor-place-15,305,560,Test,1,1,1,0,0,0.8176740324411621,,
SSUP-HRI,Sep-21-astor-place-15,306,561,Test,1,0,0,0,1,,,
SSUP-HRI,Sep-21-astor-place-15,307,562,Test,1,1,1,0,0,0.8618097020880103,,
SSUP-HRI,Sep-21-astor-place-15,308,563,Test,1,1,1,0,0,0.9224894539248841,,
SSUP-HRI,Sep-21-astor-place-15,309,564,Test,1,1,1,0,0,0.8584316181344525,,
SSUP-HRI,Sep-21-astor-place-15,310,565,Test,1,1,1,0,0,0.8830179924219148,,
SSUP-HRI,Sep-21-astor-place-15,311,566,Test,1,1,1,0,0,0.805908928212044,,
SSUP-HRI,Sep-21-astor-place-15,312,567,Test,1,1,1,0,0,0.8801351962368886,,
SSUP-HRI,Sep-21-astor-place-15,313,568,Test,1,1,1,0,0,0.892446901535821,,
SSUP-HRI,Sep-21-astor-place-15,314,569,Test,1,1,1,0,0,0.9319921737558206,,
SSUP-HRI,Sep-21-astor-place-15,315,570,Test,1,1,1,0,0,0.9536830896307799,,
SSUP-HRI,Sep-21-astor-place-15,316,571,Test,1,1,1,0,0,0.8267461151894445,,
SSUP-HRI,Sep-21-astor-place-15,317,572,Test,1,1,1,0,0,0.7704263456000006,,
SSUP-HRI,Sep-21-astor-place-15,318,573,Test,1,1,1,0,0,0.790895844925032,,
SSUP-HRI,Sep-21-astor-place-15,319,574,Test,1,1,1,0,0,0.739062309662669,,
SSUP-HRI,Sep-21-astor-place-15,320,575,Test,1,1,1,0,0,0.679761415912176,,
SSUP-HRI,Sep-21-astor-place-15,321,576,Test,1,0,0,0,1,,,
SSUP-HRI,Sep-21-astor-place-15,322,577,Test,1,1,1,0,0,0.7228716210140915,,
SSUP-HRI,Sep-21-astor-place-15,323,578,Test,1,1,1,0,0,0.7284788175256782,,
SSUP-HRI,Sep-21-astor-place-15,324,579,Test,1,1,1,0,0,0.7056553549202236,,
SSUP-HRI,Sep-21-astor-place-15,325,580,Test,1,1,1,0,0,0.7496273716779085,,
SSUP-HRI,Sep-21-astor-place-15,326,581,Test,1,1,1,0,0,0.7865705043357046,,
SSUP-HRI,Sep-21-astor-place-15,327,582,Test,1,1,1,0,0,0.7701158578944897,,
SSUP-HRI,Sep-21-astor-place-15,328,583,Test,1,1,1,0,0,0.6601786870921393,,
SSUP-HRI,Sep-21-astor-place-15,329,584,Test,1,1,1,0,0,0.5866974538423564,,
SSUP-HRI,Sep-21-astor-place-15,330,585,Test,1,1,0,1,1,,,
SSUP-HRI,Sep-21-astor-place-15,331,586,Test,1,1,0,1,1,,,
SSUP-HRI,Sep-21-astor-place-15,332,587,Test,1,1,0,1,1,,,
SSUP-HRI,Sep-21-astor-place-15,333,588,Test,1,1,1,0,0,0.6158052743247434,,
SSUP-HRI,Sep-21-astor-place-15,334,589,Test,1,1,1,0,0,0.6163507384522439,,
SSUP-HRI,Sep-21-astor-place-15,335,590,Test,1,1,1,0,0,0.5696313174938604,,
SSUP-HRI,Sep-21-astor-place-15,336,591,Test,1,1,1,0,0,0.5716353392621557,,
SSUP-HRI,Sep-21-astor-place-15,337,592,Test,1,1,1,0,0,0.543337487160167,,
SSUP-HRI,Sep-21-astor-place-15,338,593,Test,1,1,1,0,0,0.6005541586708513,,
SSUP-HRI,Sep-21-astor-place-15,339,594,Test,1,1,1,0,0,0.5318906409016874,,
SSUP-HRI,Sep-21-astor-place-15,340,595,Test,1,5,1,4,0,0.5471611833437409,,
SSUP-HRI,Sep-21-astor-place-15,341,596,Test,1,5,1,4,0,0.558499470272371,,
SSUP-HRI,Sep-21-astor-place-15,342,597,Test,1,5,1,4,0,0.657876761390377,,
SSUP-HRI,Sep-21-astor-place-15,343,598,Test,1,5,1,4,0,0.6492066303924696,,
SSUP-HRI,Sep-21-astor-place-15,344,599,Test,1,5,1,4,0,0.6178452609779771,,
